0 325 163 395 247 0 0 0 0 "Rhand"
0 325 163 394 246 1 0 0 1 "Rhand"
0 325 163 394 246 2 0 0 1 "Rhand"
0 325 163 394 246 3 0 0 1 "Rhand"
0 325 163 394 246 4 0 0 1 "Rhand"
0 325 163 394 245 5 0 0 1 "Rhand"
0 325 164 394 245 6 0 0 1 "Rhand"
0 326 164 394 245 7 0 0 1 "Rhand"
0 326 164 394 245 8 0 0 1 "Rhand"
0 326 164 394 245 9 0 0 1 "Rhand"
0 326 164 394 244 10 0 0 1 "Rhand"
0 326 164 394 244 11 0 0 1 "Rhand"
0 326 165 394 244 12 0 0 1 "Rhand"
0 326 165 394 244 13 0 0 1 "Rhand"
0 327 165 394 244 14 0 0 1 "Rhand"
0 327 165 394 243 15 0 0 1 "Rhand"
0 327 165 394 243 16 0 0 1 "Rhand"
0 327 166 394 243 17 0 0 1 "Rhand"
0 327 166 394 243 18 0 0 1 "Rhand"
0 327 166 394 242 19 0 0 1 "Rhand"
0 327 166 394 242 20 0 0 1 "Rhand"
0 328 166 394 242 21 0 0 1 "Rhand"
0 328 166 394 242 22 0 0 1 "Rhand"
0 328 167 394 242 23 0 0 1 "Rhand"
0 328 167 394 241 24 0 0 1 "Rhand"
0 328 167 394 241 25 0 0 1 "Rhand"
0 328 167 394 241 26 0 0 1 "Rhand"
0 328 167 394 241 27 0 0 1 "Rhand"
0 329 168 394 241 28 0 0 0 "Rhand"
0 328 167 393 241 29 0 0 1 "Rhand"
0 328 167 392 241 30 0 0 1 "Rhand"
0 328 167 392 241 31 0 0 1 "Rhand"
0 328 166 391 241 32 0 0 1 "Rhand"
0 328 166 391 241 33 0 0 1 "Rhand"
0 328 166 390 241 34 0 0 1 "Rhand"
0 328 166 390 242 35 0 0 1 "Rhand"
0 328 165 389 242 36 0 0 1 "Rhand"
0 328 165 388 242 37 0 0 1 "Rhand"
0 328 165 388 242 38 0 0 1 "Rhand"
0 328 164 387 242 39 0 0 1 "Rhand"
0 328 164 387 242 40 0 0 1 "Rhand"
0 328 164 386 242 41 0 0 1 "Rhand"
0 328 164 386 243 42 0 0 0 "Rhand"
0 328 164 385 243 43 0 0 1 "Rhand"
0 328 164 385 243 44 0 0 1 "Rhand"
0 328 164 385 243 45 0 0 1 "Rhand"
0 328 164 385 243 46 0 0 1 "Rhand"
0 328 164 385 243 47 0 0 1 "Rhand"
0 328 164 385 244 48 0 0 1 "Rhand"
0 328 164 385 244 49 0 0 1 "Rhand"
0 328 164 385 244 50 0 0 1 "Rhand"
0 329 164 385 244 51 0 0 1 "Rhand"
0 329 164 385 244 52 0 0 1 "Rhand"
0 329 164 385 244 53 0 0 1 "Rhand"
0 329 164 385 245 54 0 0 1 "Rhand"
0 329 164 385 245 55 0 0 1 "Rhand"
0 329 164 385 245 56 0 0 1 "Rhand"
0 329 164 385 245 57 0 0 1 "Rhand"
0 329 164 385 245 58 0 0 1 "Rhand"
0 329 164 385 245 59 0 0 1 "Rhand"
0 330 165 385 246 60 0 0 0 "Rhand"
0 331 156 390 243 61 0 0 1 "Rhand"
0 333 148 396 240 62 0 0 1 "Rhand"
0 335 140 402 238 63 0 0 1 "Rhand"
0 337 131 408 235 64 0 0 1 "Rhand"
0 339 123 414 232 65 0 0 1 "Rhand"
0 341 115 420 230 66 0 0 0 "Rhand"
0 355 104 439 218 67 0 0 1 "Rhand"
0 370 94 459 207 68 0 0 1 "Rhand"
0 384 84 478 196 69 0 0 1 "Rhand"
0 399 73 498 184 70 0 0 1 "Rhand"
0 413 63 517 173 71 0 0 1 "Rhand"
0 428 53 537 162 72 0 0 0 "Rhand"
0 429 48 538 158 73 0 0 1 "Rhand"
0 431 44 539 154 74 0 0 1 "Rhand"
0 432 40 540 150 75 0 0 1 "Rhand"
0 434 35 541 146 76 0 0 1 "Rhand"
0 435 31 542 142 77 0 0 1 "Rhand"
0 437 27 543 139 78 0 0 0 "Rhand"
0 437 35 543 150 79 0 0 1 "Rhand"
0 437 43 543 161 80 0 0 1 "Rhand"
0 437 51 543 172 81 0 0 1 "Rhand"
0 438 60 543 183 82 0 0 0 "Rhand"
0 424 91 525 208 83 0 0 1 "Rhand"
0 410 122 507 234 84 0 0 1 "Rhand"
0 396 154 490 260 85 0 0 0 "Rhand"
0 379 169 470 272 86 0 0 1 "Rhand"
0 362 184 451 284 87 0 0 1 "Rhand"
0 345 199 431 296 88 0 0 1 "Rhand"
0 329 215 412 308 89 0 0 0 "Rhand"
0 319 216 400 309 90 0 0 1 "Rhand"
0 310 218 389 310 91 0 0 1 "Rhand"
0 300 219 377 311 92 0 0 1 "Rhand"
0 291 221 366 312 93 0 0 0 "Rhand"
0 296 214 370 305 94 0 0 1 "Rhand"
0 301 207 374 298 95 0 0 1 "Rhand"
0 307 201 379 291 96 0 0 1 "Rhand"
0 312 194 383 284 97 0 0 1 "Rhand"
0 317 187 387 277 98 0 0 1 "Rhand"
0 323 181 392 271 99 0 0 0 "Rhand"
0 324 170 393 259 100 0 0 1 "Rhand"
0 325 159 394 247 101 0 0 1 "Rhand"
0 327 149 395 235 102 0 0 0 "Rhand"
0 328 144 396 230 103 0 0 1 "Rhand"
0 329 139 397 225 104 0 0 1 "Rhand"
0 331 135 399 221 105 0 0 0 "Rhand"
0 331 134 399 220 106 0 0 1 "Rhand"
0 331 133 399 219 107 0 0 1 "Rhand"
0 331 132 399 218 108 0 0 1 "Rhand"
0 331 131 399 217 109 0 0 0 "Rhand"
0 332 132 399 217 110 0 0 1 "Rhand"
0 333 133 400 218 111 0 0 1 "Rhand"
0 334 134 401 218 112 0 0 1 "Rhand"
0 335 135 402 219 113 0 0 0 "Rhand"
0 334 135 400 218 114 0 0 1 "Rhand"
0 333 135 398 218 115 0 0 1 "Rhand"
0 332 135 396 218 116 0 0 1 "Rhand"
0 331 135 394 218 117 0 0 1 "Rhand"
0 331 135 392 218 118 0 0 0 "Rhand"
0 329 134 391 218 119 0 0 1 "Rhand"
0 328 134 391 218 120 0 0 1 "Rhand"
0 327 133 391 218 121 0 0 1 "Rhand"
0 326 133 391 218 122 0 0 1 "Rhand"
0 325 133 391 219 123 0 0 0 "Rhand"
0 323 133 389 221 124 0 0 1 "Rhand"
0 322 133 387 223 125 0 0 1 "Rhand"
0 321 133 386 225 126 0 0 0 "Rhand"
0 322 133 387 225 127 0 0 1 "Rhand"
0 324 133 389 225 128 0 0 1 "Rhand"
0 325 134 390 226 129 0 0 1 "Rhand"
0 327 134 392 226 130 0 0 1 "Rhand"
0 329 135 394 227 131 0 0 0 "Rhand"
0 327 135 392 227 132 0 0 1 "Rhand"
0 326 135 391 227 133 0 0 1 "Rhand"
0 324 135 389 227 134 0 0 1 "Rhand"
0 323 135 388 227 135 0 0 0 "Rhand"
0 323 135 388 227 136 0 0 1 "Rhand"
0 323 135 388 227 137 0 0 1 "Rhand"
0 323 135 388 227 138 0 0 1 "Rhand"
0 324 135 388 227 139 0 0 1 "Rhand"
0 324 136 389 227 140 0 0 1 "Rhand"
0 324 136 389 227 141 0 0 1 "Rhand"
0 325 136 389 227 142 0 0 1 "Rhand"
0 325 136 389 227 143 0 0 1 "Rhand"
0 325 137 390 227 144 0 0 1 "Rhand"
0 326 137 390 227 145 0 0 1 "Rhand"
0 326 137 390 227 146 0 0 1 "Rhand"
0 326 137 390 227 147 0 0 1 "Rhand"
0 327 138 391 227 148 0 0 0 "Rhand"
0 326 138 390 227 149 0 0 1 "Rhand"
0 326 138 390 227 150 0 0 1 "Rhand"
0 325 138 389 227 151 0 0 1 "Rhand"
0 325 138 389 227 152 0 0 1 "Rhand"
0 324 138 388 227 153 0 0 1 "Rhand"
0 324 138 388 227 154 0 0 1 "Rhand"
0 324 139 388 227 155 0 0 0 "Rhand"
0 320 141 384 229 156 0 0 1 "Rhand"
0 317 144 381 232 157 0 0 1 "Rhand"
0 314 147 378 234 158 0 0 1 "Rhand"
0 310 150 374 237 159 0 0 1 "Rhand"
0 307 153 371 239 160 0 0 1 "Rhand"
0 304 156 368 242 161 0 0 1 "Rhand"
0 301 159 365 245 162 0 0 0 "Rhand"
0 288 170 352 256 163 0 0 1 "Rhand"
0 275 181 339 267 164 0 0 1 "Rhand"
0 263 193 327 279 165 0 0 0 "Rhand"
0 249 203 313 286 166 0 0 1 "Rhand"
0 236 213 299 294 167 0 0 1 "Rhand"
0 223 224 285 302 168 0 0 1 "Rhand"
0 210 234 271 310 169 0 0 1 "Rhand"
0 197 245 258 318 170 0 0 0 "Rhand"
0 181 251 244 324 171 0 0 1 "Rhand"
0 166 258 230 330 172 0 0 1 "Rhand"
0 151 265 216 337 173 0 0 0 "Rhand"
0 135 268 199 338 174 0 0 1 "Rhand"
0 119 271 183 339 175 0 0 1 "Rhand"
0 103 275 167 341 176 0 0 0 "Rhand"
0 91 274 155 340 177 0 0 1 "Rhand"
0 79 273 143 339 178 0 0 1 "Rhand"
0 67 272 131 338 179 0 0 1 "Rhand"
0 55 271 119 337 180 0 1 0 "Rhand"
0 54 270 118 336 181 0 1 1 "Rhand"
0 54 270 118 336 182 0 1 1 "Rhand"
0 53 270 117 336 183 0 1 1 "Rhand"
0 53 270 117 336 184 0 1 1 "Rhand"
0 52 269 116 336 185 0 1 1 "Rhand"
0 52 269 116 336 186 0 1 1 "Rhand"
0 51 269 115 336 187 0 1 1 "Rhand"
0 51 269 115 336 188 0 1 1 "Rhand"
0 50 269 115 336 189 0 1 1 "Rhand"
0 50 268 114 336 190 0 1 1 "Rhand"
0 49 268 114 336 191 0 1 1 "Rhand"
0 49 268 113 336 192 0 1 1 "Rhand"
0 48 268 113 336 193 0 1 1 "Rhand"
0 48 267 112 336 194 0 1 1 "Rhand"
0 48 267 112 336 195 0 1 1 "Rhand"
0 47 267 112 336 196 0 1 1 "Rhand"
0 47 267 111 336 197 0 1 1 "Rhand"
0 46 267 111 336 198 0 1 1 "Rhand"
0 46 266 110 336 199 0 1 1 "Rhand"
0 45 266 110 335 200 0 1 1 "Rhand"
0 45 266 109 335 201 0 1 1 "Rhand"
0 44 266 109 335 202 0 1 1 "Rhand"
0 44 265 109 335 203 0 1 1 "Rhand"
0 43 265 108 335 204 0 1 1 "Rhand"
0 43 265 108 335 205 0 1 1 "Rhand"
0 42 265 107 335 206 0 1 1 "Rhand"
0 42 265 107 335 207 0 1 1 "Rhand"
0 42 264 106 335 208 0 1 1 "Rhand"
0 41 264 106 335 209 0 1 1 "Rhand"
0 41 264 106 335 210 0 1 1 "Rhand"
0 40 264 105 335 211 0 1 1 "Rhand"
0 40 263 105 335 212 0 1 1 "Rhand"
0 39 263 104 335 213 0 1 1 "Rhand"
0 39 263 104 335 214 0 1 1 "Rhand"
0 38 263 103 335 215 0 1 1 "Rhand"
0 38 263 103 335 216 0 1 1 "Rhand"
0 37 262 103 335 217 0 1 1 "Rhand"
0 37 262 102 335 218 0 1 1 "Rhand"
0 36 262 102 334 219 0 1 1 "Rhand"
0 36 262 101 334 220 0 1 1 "Rhand"
0 36 261 101 334 221 0 1 1 "Rhand"
0 35 261 100 334 222 0 1 1 "Rhand"
0 35 261 100 334 223 0 1 1 "Rhand"
0 34 261 100 334 224 0 1 1 "Rhand"
0 34 261 99 334 225 0 1 1 "Rhand"
0 33 260 99 334 226 0 1 1 "Rhand"
0 33 260 98 334 227 0 1 1 "Rhand"
0 32 260 98 334 228 0 1 1 "Rhand"
0 32 260 97 334 229 0 1 1 "Rhand"
0 31 259 97 334 230 0 1 1 "Rhand"
0 31 259 96 334 231 0 1 1 "Rhand"
0 30 259 96 334 232 0 1 1 "Rhand"
0 30 259 96 334 233 0 1 1 "Rhand"
0 29 259 95 334 234 0 1 1 "Rhand"
0 29 258 95 334 235 0 1 1 "Rhand"
0 29 258 94 334 236 0 1 1 "Rhand"
0 28 258 94 334 237 0 1 1 "Rhand"
0 28 258 93 333 238 0 1 1 "Rhand"
0 27 257 93 333 239 0 1 1 "Rhand"
0 27 257 93 333 240 0 1 1 "Rhand"
0 26 257 92 333 241 0 1 1 "Rhand"
0 26 257 92 333 242 0 1 1 "Rhand"
0 25 257 91 333 243 0 1 1 "Rhand"
0 25 256 91 333 244 0 1 1 "Rhand"
0 24 256 90 333 245 0 1 1 "Rhand"
0 24 256 90 333 246 0 1 1 "Rhand"
0 23 256 90 333 247 0 1 1 "Rhand"
0 23 255 89 333 248 0 1 1 "Rhand"
0 23 255 89 333 249 0 1 1 "Rhand"
0 22 255 88 333 250 0 1 1 "Rhand"
0 22 255 88 333 251 0 1 1 "Rhand"
0 21 255 87 333 252 0 1 1 "Rhand"
0 21 254 87 333 253 0 1 1 "Rhand"
0 20 254 87 333 254 0 1 1 "Rhand"
0 20 254 86 333 255 0 1 1 "Rhand"
0 19 254 86 333 256 0 1 1 "Rhand"
0 19 253 85 332 257 0 1 1 "Rhand"
0 18 253 85 332 258 0 1 1 "Rhand"
0 18 253 84 332 259 0 1 1 "Rhand"
0 17 253 84 332 260 0 1 1 "Rhand"
0 17 253 84 332 261 0 1 1 "Rhand"
0 17 252 83 332 262 0 1 1 "Rhand"
0 16 252 83 332 263 0 1 1 "Rhand"
0 16 252 82 332 264 0 1 1 "Rhand"
0 15 252 82 332 265 0 1 1 "Rhand"
0 15 251 81 332 266 0 1 1 "Rhand"
0 14 251 81 332 267 0 1 1 "Rhand"
0 14 251 81 332 268 0 1 1 "Rhand"
0 13 251 80 332 269 0 1 1 "Rhand"
0 13 251 80 332 270 0 1 1 "Rhand"
0 12 250 79 332 271 0 1 1 "Rhand"
0 12 250 79 332 272 0 1 1 "Rhand"
0 11 250 78 332 273 0 1 1 "Rhand"
0 11 250 78 332 274 0 1 1 "Rhand"
0 11 250 78 332 275 0 1 0 "Rhand"
0 10 248 77 331 276 0 1 1 "Rhand"
0 10 247 77 330 277 0 1 1 "Rhand"
0 10 246 77 329 278 0 1 1 "Rhand"
0 10 245 77 328 279 0 1 1 "Rhand"
0 10 244 77 327 280 0 1 1 "Rhand"
0 10 243 77 326 281 0 1 1 "Rhand"
0 10 242 77 325 282 0 1 1 "Rhand"
0 9 240 77 324 283 0 1 1 "Rhand"
0 9 239 77 323 284 0 1 1 "Rhand"
0 9 238 77 322 285 0 1 1 "Rhand"
0 9 237 77 321 286 0 1 1 "Rhand"
0 9 236 76 320 287 0 1 1 "Rhand"
0 9 235 76 319 288 0 1 1 "Rhand"
0 9 234 76 318 289 0 1 1 "Rhand"
0 8 232 76 317 290 0 1 1 "Rhand"
0 8 231 76 316 291 0 1 1 "Rhand"
0 8 230 76 315 292 0 1 1 "Rhand"
0 8 229 76 314 293 0 1 1 "Rhand"
0 8 228 76 313 294 0 1 1 "Rhand"
0 8 227 76 312 295 0 1 1 "Rhand"
0 8 226 76 311 296 0 1 1 "Rhand"
0 8 225 76 311 297 0 1 0 "Rhand"
0 9 229 77 315 298 0 1 1 "Rhand"
0 10 234 78 320 299 0 1 1 "Rhand"
0 11 238 79 325 300 0 1 1 "Rhand"
0 12 243 80 329 301 0 1 1 "Rhand"
0 13 247 81 334 302 0 1 1 "Rhand"
0 14 252 82 339 303 0 1 1 "Rhand"
0 15 257 84 344 304 0 1 1 "Rhand"
0 16 261 85 348 305 0 1 1 "Rhand"
0 17 266 86 353 306 0 1 1 "Rhand"
0 18 270 87 358 307 0 1 1 "Rhand"
0 19 275 88 362 308 0 1 1 "Rhand"
0 20 279 89 367 309 0 1 1 "Rhand"
0 21 284 90 372 310 0 1 1 "Rhand"
0 23 289 92 377 311 0 1 0 "Rhand"
0 28 286 97 374 312 0 1 1 "Rhand"
0 33 284 102 372 313 0 1 1 "Rhand"
0 38 281 107 369 314 0 1 1 "Rhand"
0 44 279 113 367 315 0 1 1 "Rhand"
0 49 276 118 365 316 0 1 1 "Rhand"
0 54 274 123 362 317 0 1 1 "Rhand"
0 60 271 129 360 318 0 1 1 "Rhand"
0 65 269 134 357 319 0 1 1 "Rhand"
0 70 266 139 355 320 0 1 1 "Rhand"
0 76 264 145 353 321 0 1 0 "Rhand"
1 225 53 289 147 0 0 0 0 "ScrewDriver"
1 225 53 289 147 1 0 0 1 "ScrewDriver"
1 225 53 289 147 2 0 0 1 "ScrewDriver"
1 225 53 289 147 3 0 0 1 "ScrewDriver"
1 225 53 289 147 4 0 0 1 "ScrewDriver"
1 225 53 289 147 5 0 0 1 "ScrewDriver"
1 225 53 289 147 6 0 0 1 "ScrewDriver"
1 225 53 289 147 7 0 0 1 "ScrewDriver"
1 225 53 289 147 8 0 0 1 "ScrewDriver"
1 225 53 289 147 9 0 0 1 "ScrewDriver"
1 225 53 289 147 10 0 0 1 "ScrewDriver"
1 225 53 289 147 11 0 0 1 "ScrewDriver"
1 225 53 289 147 12 0 0 1 "ScrewDriver"
1 225 53 289 147 13 0 0 1 "ScrewDriver"
1 225 53 289 147 14 0 0 1 "ScrewDriver"
1 225 53 289 147 15 0 0 1 "ScrewDriver"
1 225 53 289 147 16 0 0 1 "ScrewDriver"
1 225 53 289 147 17 0 0 1 "ScrewDriver"
1 225 53 289 147 18 0 0 1 "ScrewDriver"
1 225 53 289 147 19 0 0 1 "ScrewDriver"
1 225 53 289 147 20 0 0 1 "ScrewDriver"
1 225 53 289 147 21 0 0 1 "ScrewDriver"
1 225 53 289 147 22 0 0 1 "ScrewDriver"
1 225 53 289 147 23 0 0 1 "ScrewDriver"
1 225 53 289 147 24 0 0 1 "ScrewDriver"
1 225 53 289 147 25 0 0 1 "ScrewDriver"
1 225 53 289 147 26 0 0 1 "ScrewDriver"
1 225 53 289 147 27 0 0 1 "ScrewDriver"
1 225 53 289 147 28 0 0 1 "ScrewDriver"
1 225 53 289 147 29 0 0 1 "ScrewDriver"
1 225 53 289 147 30 0 0 1 "ScrewDriver"
1 225 53 289 147 31 0 0 1 "ScrewDriver"
1 225 53 289 147 32 0 0 1 "ScrewDriver"
1 225 53 289 147 33 0 0 1 "ScrewDriver"
1 225 53 289 147 34 0 0 1 "ScrewDriver"
1 225 53 289 147 35 0 0 1 "ScrewDriver"
1 225 53 289 147 36 0 0 1 "ScrewDriver"
1 225 53 289 147 37 0 0 1 "ScrewDriver"
1 225 53 289 147 38 0 0 1 "ScrewDriver"
1 225 53 289 147 39 0 0 1 "ScrewDriver"
1 225 53 289 147 40 0 0 1 "ScrewDriver"
1 225 53 289 147 41 0 0 1 "ScrewDriver"
1 225 53 289 147 42 0 0 1 "ScrewDriver"
1 225 53 289 147 43 0 0 1 "ScrewDriver"
1 225 53 289 147 44 0 0 1 "ScrewDriver"
1 225 53 289 147 45 0 0 1 "ScrewDriver"
1 225 53 289 147 46 0 0 1 "ScrewDriver"
1 225 53 289 147 47 0 0 1 "ScrewDriver"
1 225 53 289 147 48 0 0 1 "ScrewDriver"
1 225 53 289 147 49 0 0 1 "ScrewDriver"
1 225 53 289 147 50 0 0 1 "ScrewDriver"
1 225 53 289 147 51 0 0 1 "ScrewDriver"
1 225 53 289 147 52 0 0 1 "ScrewDriver"
1 225 53 289 147 53 0 0 1 "ScrewDriver"
1 225 53 289 147 54 0 0 1 "ScrewDriver"
1 225 53 289 147 55 0 0 1 "ScrewDriver"
1 225 53 289 147 56 0 0 1 "ScrewDriver"
1 225 53 289 147 57 0 0 1 "ScrewDriver"
1 225 53 289 147 58 0 0 1 "ScrewDriver"
1 225 53 289 147 59 0 0 1 "ScrewDriver"
1 225 53 289 147 60 0 0 1 "ScrewDriver"
1 225 53 289 147 61 0 0 1 "ScrewDriver"
1 225 53 289 147 62 0 0 1 "ScrewDriver"
1 225 53 289 147 63 0 0 1 "ScrewDriver"
1 225 53 289 147 64 0 0 1 "ScrewDriver"
1 225 53 289 147 65 0 0 1 "ScrewDriver"
1 225 53 289 147 66 0 0 1 "ScrewDriver"
1 225 53 289 147 67 0 0 1 "ScrewDriver"
1 225 53 289 147 68 0 0 1 "ScrewDriver"
1 225 53 289 147 69 0 0 1 "ScrewDriver"
1 225 53 289 147 70 0 0 1 "ScrewDriver"
1 225 53 289 147 71 0 0 1 "ScrewDriver"
1 225 53 289 147 72 0 0 1 "ScrewDriver"
1 225 53 289 147 73 0 0 1 "ScrewDriver"
1 225 53 289 147 74 0 0 1 "ScrewDriver"
1 225 53 289 147 75 0 0 1 "ScrewDriver"
1 225 53 289 147 76 0 0 1 "ScrewDriver"
1 225 53 289 147 77 0 0 1 "ScrewDriver"
1 225 53 289 147 78 0 0 1 "ScrewDriver"
1 225 53 289 147 79 0 0 1 "ScrewDriver"
1 225 53 289 147 80 0 0 1 "ScrewDriver"
1 225 53 289 147 81 0 0 1 "ScrewDriver"
1 225 53 289 147 82 0 0 1 "ScrewDriver"
1 225 53 289 147 83 0 0 1 "ScrewDriver"
1 225 53 289 147 84 0 0 1 "ScrewDriver"
1 225 53 289 147 85 0 0 1 "ScrewDriver"
1 225 53 289 147 86 0 0 1 "ScrewDriver"
1 225 53 289 147 87 0 0 1 "ScrewDriver"
1 225 53 289 147 88 0 0 1 "ScrewDriver"
1 225 53 289 147 89 0 0 1 "ScrewDriver"
1 225 53 289 147 90 0 0 1 "ScrewDriver"
1 225 53 289 147 91 0 0 1 "ScrewDriver"
1 225 53 289 147 92 0 0 1 "ScrewDriver"
1 225 53 289 147 93 0 0 1 "ScrewDriver"
1 225 53 289 147 94 0 0 1 "ScrewDriver"
1 225 53 289 147 95 0 0 1 "ScrewDriver"
1 225 53 289 147 96 0 0 1 "ScrewDriver"
1 225 53 289 147 97 0 0 1 "ScrewDriver"
1 225 53 289 147 98 0 0 1 "ScrewDriver"
1 225 53 289 147 99 0 0 1 "ScrewDriver"
1 225 53 289 147 100 0 0 1 "ScrewDriver"
1 225 53 289 147 101 0 0 1 "ScrewDriver"
1 225 53 289 147 102 0 0 1 "ScrewDriver"
1 225 53 289 147 103 0 0 1 "ScrewDriver"
1 225 53 289 147 104 0 0 1 "ScrewDriver"
1 225 53 289 147 105 0 0 1 "ScrewDriver"
1 225 53 289 147 106 0 0 1 "ScrewDriver"
1 225 53 289 147 107 0 0 1 "ScrewDriver"
1 225 53 289 147 108 0 0 1 "ScrewDriver"
1 225 53 289 147 109 0 0 1 "ScrewDriver"
1 225 53 289 147 110 0 0 1 "ScrewDriver"
1 225 53 289 147 111 0 0 1 "ScrewDriver"
1 225 53 289 147 112 0 0 1 "ScrewDriver"
1 225 53 289 147 113 0 0 1 "ScrewDriver"
1 225 53 289 147 114 0 0 1 "ScrewDriver"
1 225 53 289 147 115 0 0 1 "ScrewDriver"
1 225 53 289 147 116 0 0 1 "ScrewDriver"
1 225 53 289 147 117 0 0 1 "ScrewDriver"
1 225 53 289 147 118 0 0 1 "ScrewDriver"
1 225 53 289 147 119 0 0 1 "ScrewDriver"
1 225 53 289 147 120 0 0 1 "ScrewDriver"
1 225 53 289 147 121 0 0 1 "ScrewDriver"
1 225 53 289 147 122 0 0 1 "ScrewDriver"
1 225 53 289 147 123 0 0 1 "ScrewDriver"
1 225 53 289 147 124 0 0 1 "ScrewDriver"
1 225 53 289 147 125 0 0 1 "ScrewDriver"
1 225 53 289 147 126 0 0 1 "ScrewDriver"
1 225 53 289 147 127 0 0 1 "ScrewDriver"
1 225 53 289 147 128 0 0 1 "ScrewDriver"
1 225 53 289 147 129 0 0 1 "ScrewDriver"
1 225 53 289 147 130 0 0 1 "ScrewDriver"
1 225 53 289 147 131 0 0 1 "ScrewDriver"
1 225 53 289 147 132 0 0 1 "ScrewDriver"
1 225 53 289 147 133 0 0 1 "ScrewDriver"
1 225 53 289 147 134 0 0 1 "ScrewDriver"
1 225 53 289 147 135 0 0 1 "ScrewDriver"
1 225 53 289 147 136 0 0 1 "ScrewDriver"
1 225 53 289 147 137 0 0 1 "ScrewDriver"
1 225 53 289 147 138 0 0 1 "ScrewDriver"
1 225 53 289 147 139 0 0 1 "ScrewDriver"
1 225 53 289 147 140 0 0 1 "ScrewDriver"
1 225 53 289 147 141 0 0 1 "ScrewDriver"
1 225 53 289 147 142 0 0 1 "ScrewDriver"
1 225 53 289 147 143 0 0 1 "ScrewDriver"
1 225 53 289 147 144 0 0 1 "ScrewDriver"
1 225 53 289 147 145 0 0 1 "ScrewDriver"
1 225 53 289 147 146 0 0 1 "ScrewDriver"
1 225 53 289 147 147 0 0 1 "ScrewDriver"
1 225 53 289 147 148 0 0 1 "ScrewDriver"
1 225 53 289 147 149 0 0 1 "ScrewDriver"
1 225 53 289 147 150 0 0 1 "ScrewDriver"
1 225 53 289 147 151 0 0 1 "ScrewDriver"
1 225 53 289 147 152 0 0 1 "ScrewDriver"
1 225 53 289 147 153 0 0 1 "ScrewDriver"
1 225 53 289 147 154 0 0 1 "ScrewDriver"
1 225 53 289 147 155 0 0 1 "ScrewDriver"
1 225 53 289 147 156 0 0 1 "ScrewDriver"
1 225 53 289 147 157 0 0 1 "ScrewDriver"
1 225 53 289 147 158 0 0 1 "ScrewDriver"
1 225 53 289 147 159 0 0 1 "ScrewDriver"
1 225 53 289 147 160 0 0 1 "ScrewDriver"
1 225 53 289 147 161 0 0 1 "ScrewDriver"
1 225 53 289 147 162 0 0 1 "ScrewDriver"
1 225 53 289 147 163 0 0 1 "ScrewDriver"
1 225 53 289 147 164 0 0 1 "ScrewDriver"
1 225 53 289 147 165 0 0 1 "ScrewDriver"
1 225 53 289 147 166 0 0 1 "ScrewDriver"
1 225 53 289 147 167 0 0 1 "ScrewDriver"
1 225 53 289 147 168 0 0 1 "ScrewDriver"
1 225 53 289 147 169 0 0 1 "ScrewDriver"
1 225 53 289 147 170 0 0 1 "ScrewDriver"
1 225 53 289 147 171 0 0 1 "ScrewDriver"
1 225 53 289 147 172 0 0 1 "ScrewDriver"
1 225 53 289 147 173 0 0 1 "ScrewDriver"
1 225 53 289 147 174 0 0 1 "ScrewDriver"
1 225 53 289 147 175 0 0 1 "ScrewDriver"
1 225 53 289 147 176 0 0 1 "ScrewDriver"
1 225 53 289 147 177 0 0 1 "ScrewDriver"
1 225 53 289 147 178 0 0 1 "ScrewDriver"
1 225 53 289 147 179 0 0 1 "ScrewDriver"
1 225 53 289 147 180 0 0 1 "ScrewDriver"
1 225 53 289 147 181 0 0 1 "ScrewDriver"
1 225 53 289 147 182 0 0 1 "ScrewDriver"
1 225 53 289 147 183 0 0 1 "ScrewDriver"
1 225 53 289 147 184 0 0 1 "ScrewDriver"
1 225 53 289 147 185 0 0 1 "ScrewDriver"
1 225 53 289 147 186 0 0 1 "ScrewDriver"
1 225 53 289 147 187 0 0 1 "ScrewDriver"
1 225 53 289 147 188 0 0 1 "ScrewDriver"
1 225 53 289 147 189 0 0 1 "ScrewDriver"
1 225 53 289 147 190 0 0 1 "ScrewDriver"
1 225 53 289 147 191 0 0 1 "ScrewDriver"
1 225 53 289 147 192 0 0 1 "ScrewDriver"
1 225 53 289 147 193 0 0 1 "ScrewDriver"
1 225 53 289 147 194 0 0 1 "ScrewDriver"
1 225 53 289 147 195 0 0 1 "ScrewDriver"
1 225 53 289 147 196 0 0 1 "ScrewDriver"
1 225 53 289 147 197 0 0 1 "ScrewDriver"
1 225 53 289 147 198 0 0 1 "ScrewDriver"
1 225 53 289 147 199 0 0 1 "ScrewDriver"
1 225 53 289 147 200 0 0 1 "ScrewDriver"
1 225 53 289 147 201 0 0 1 "ScrewDriver"
1 225 53 289 147 202 0 0 1 "ScrewDriver"
1 225 53 289 147 203 0 0 1 "ScrewDriver"
1 225 53 289 147 204 0 0 1 "ScrewDriver"
1 225 53 289 147 205 0 0 1 "ScrewDriver"
1 225 53 289 147 206 0 0 1 "ScrewDriver"
1 225 53 289 147 207 0 0 1 "ScrewDriver"
1 225 53 289 147 208 0 0 1 "ScrewDriver"
1 225 53 289 147 209 0 0 1 "ScrewDriver"
1 225 53 289 147 210 0 0 1 "ScrewDriver"
1 225 53 289 147 211 0 0 1 "ScrewDriver"
1 225 53 289 147 212 0 0 1 "ScrewDriver"
1 225 53 289 147 213 0 0 1 "ScrewDriver"
1 225 53 289 147 214 0 0 1 "ScrewDriver"
1 225 53 289 147 215 0 0 1 "ScrewDriver"
1 225 53 289 147 216 0 0 1 "ScrewDriver"
1 225 53 289 147 217 0 0 1 "ScrewDriver"
1 225 53 289 147 218 0 0 1 "ScrewDriver"
1 225 53 289 147 219 0 0 1 "ScrewDriver"
1 225 53 289 147 220 0 0 1 "ScrewDriver"
1 225 53 289 147 221 0 0 1 "ScrewDriver"
1 225 53 289 147 222 0 0 1 "ScrewDriver"
1 225 53 289 147 223 0 0 1 "ScrewDriver"
1 225 53 289 147 224 0 0 1 "ScrewDriver"
1 225 53 289 147 225 0 0 1 "ScrewDriver"
1 225 53 289 147 226 0 0 1 "ScrewDriver"
1 225 53 289 147 227 0 0 1 "ScrewDriver"
1 225 53 289 147 228 0 0 1 "ScrewDriver"
1 225 53 289 147 229 0 0 1 "ScrewDriver"
1 225 53 289 147 230 0 0 1 "ScrewDriver"
1 225 53 289 147 231 0 0 1 "ScrewDriver"
1 225 53 289 147 232 0 0 1 "ScrewDriver"
1 225 53 289 147 233 0 0 1 "ScrewDriver"
1 225 53 289 147 234 0 0 1 "ScrewDriver"
1 225 53 289 147 235 0 0 1 "ScrewDriver"
1 225 53 289 147 236 0 0 1 "ScrewDriver"
1 225 53 289 147 237 0 0 1 "ScrewDriver"
1 225 53 289 147 238 0 0 1 "ScrewDriver"
1 225 53 289 147 239 0 0 1 "ScrewDriver"
1 225 53 289 147 240 0 0 1 "ScrewDriver"
1 225 53 289 147 241 0 0 1 "ScrewDriver"
1 225 53 289 147 242 0 0 1 "ScrewDriver"
1 225 53 289 147 243 0 0 1 "ScrewDriver"
1 225 53 289 147 244 0 0 1 "ScrewDriver"
1 225 53 289 147 245 0 0 1 "ScrewDriver"
1 225 53 289 147 246 0 0 1 "ScrewDriver"
1 225 53 289 147 247 0 0 1 "ScrewDriver"
1 225 53 289 147 248 0 0 1 "ScrewDriver"
1 225 53 289 147 249 0 0 1 "ScrewDriver"
1 225 53 289 147 250 0 0 1 "ScrewDriver"
1 225 53 289 147 251 0 0 1 "ScrewDriver"
1 225 53 289 147 252 0 0 1 "ScrewDriver"
1 225 53 289 147 253 0 0 1 "ScrewDriver"
1 225 53 289 147 254 0 0 1 "ScrewDriver"
1 225 53 289 147 255 0 0 1 "ScrewDriver"
1 225 53 289 147 256 0 0 1 "ScrewDriver"
1 225 53 289 147 257 0 0 1 "ScrewDriver"
1 225 53 289 147 258 0 0 1 "ScrewDriver"
1 225 53 289 147 259 0 0 1 "ScrewDriver"
1 225 53 289 147 260 0 0 1 "ScrewDriver"
1 225 53 289 147 261 0 0 1 "ScrewDriver"
1 225 53 289 147 262 0 0 1 "ScrewDriver"
1 225 53 289 147 263 0 0 1 "ScrewDriver"
1 225 53 289 147 264 0 0 1 "ScrewDriver"
1 225 53 289 147 265 0 0 1 "ScrewDriver"
1 225 53 289 147 266 0 0 1 "ScrewDriver"
1 225 53 289 147 267 0 0 1 "ScrewDriver"
1 225 53 289 147 268 0 0 1 "ScrewDriver"
1 225 53 289 147 269 0 0 1 "ScrewDriver"
1 225 53 289 147 270 0 0 1 "ScrewDriver"
1 225 53 289 147 271 0 0 1 "ScrewDriver"
1 225 53 289 147 272 0 0 1 "ScrewDriver"
1 225 53 289 147 273 0 0 1 "ScrewDriver"
1 225 53 289 147 274 0 0 1 "ScrewDriver"
1 225 53 289 147 275 0 0 1 "ScrewDriver"
1 225 53 289 147 276 0 0 1 "ScrewDriver"
1 225 53 289 147 277 0 0 1 "ScrewDriver"
1 225 53 289 147 278 0 0 1 "ScrewDriver"
1 225 53 289 147 279 0 0 1 "ScrewDriver"
1 225 53 289 147 280 0 0 1 "ScrewDriver"
1 225 53 289 147 281 0 0 1 "ScrewDriver"
1 225 53 289 147 282 0 0 1 "ScrewDriver"
1 225 53 289 147 283 0 0 1 "ScrewDriver"
1 225 53 289 147 284 0 0 1 "ScrewDriver"
1 225 53 289 147 285 0 0 1 "ScrewDriver"
1 225 53 289 147 286 0 0 1 "ScrewDriver"
1 225 53 289 147 287 0 0 1 "ScrewDriver"
1 225 53 289 147 288 0 0 1 "ScrewDriver"
1 225 53 289 147 289 0 0 1 "ScrewDriver"
1 225 53 289 147 290 0 0 1 "ScrewDriver"
1 225 53 289 147 291 0 0 1 "ScrewDriver"
1 225 53 289 147 292 0 0 1 "ScrewDriver"
1 225 53 289 147 293 0 0 1 "ScrewDriver"
1 225 53 289 147 294 0 0 1 "ScrewDriver"
1 225 53 289 147 295 0 0 1 "ScrewDriver"
1 225 53 289 147 296 0 0 1 "ScrewDriver"
1 225 53 289 147 297 0 0 1 "ScrewDriver"
1 225 53 289 147 298 0 0 1 "ScrewDriver"
1 225 53 289 147 299 0 0 1 "ScrewDriver"
1 225 53 289 147 300 0 0 1 "ScrewDriver"
1 225 53 289 147 301 0 0 1 "ScrewDriver"
1 225 53 289 147 302 0 0 1 "ScrewDriver"
1 225 53 289 147 303 0 0 1 "ScrewDriver"
1 225 53 289 147 304 0 0 1 "ScrewDriver"
1 225 53 289 147 305 0 0 1 "ScrewDriver"
1 225 53 289 147 306 0 0 1 "ScrewDriver"
1 225 53 289 147 307 0 0 1 "ScrewDriver"
1 225 53 289 147 308 0 0 1 "ScrewDriver"
1 225 53 289 147 309 0 0 1 "ScrewDriver"
1 225 53 289 147 310 0 0 1 "ScrewDriver"
1 225 53 289 147 311 0 0 1 "ScrewDriver"
1 225 53 289 147 312 0 0 1 "ScrewDriver"
1 225 53 289 147 313 0 0 1 "ScrewDriver"
1 225 53 289 147 314 0 0 1 "ScrewDriver"
1 225 53 289 147 315 0 0 1 "ScrewDriver"
1 225 53 289 147 316 0 0 1 "ScrewDriver"
1 225 53 289 147 317 0 0 1 "ScrewDriver"
1 225 53 289 147 318 0 0 1 "ScrewDriver"
1 225 53 289 147 319 0 0 1 "ScrewDriver"
1 225 53 289 147 320 0 0 1 "ScrewDriver"
1 225 53 289 147 321 0 0 0 "ScrewDriver"
2 63 291 133 349 300 1 0 0 "Rhand"
2 64 290 134 348 301 1 0 1 "Rhand"
2 65 289 135 347 302 1 0 1 "Rhand"
2 66 288 136 346 303 1 0 1 "Rhand"
2 67 288 137 346 304 1 0 1 "Rhand"
2 68 287 138 345 305 1 0 1 "Rhand"
2 70 286 140 344 306 1 0 1 "Rhand"
2 71 285 141 343 307 1 0 1 "Rhand"
2 72 285 142 343 308 1 0 1 "Rhand"
2 73 284 143 342 309 1 0 1 "Rhand"
2 74 283 144 341 310 1 0 1 "Rhand"
2 76 283 146 341 311 1 0 1 "Rhand"
2 77 282 147 340 312 1 0 1 "Rhand"
2 78 281 148 339 313 1 0 1 "Rhand"
2 79 280 149 338 314 1 0 1 "Rhand"
2 80 280 150 338 315 1 0 1 "Rhand"
2 81 279 151 337 316 1 0 1 "Rhand"
2 83 278 153 336 317 1 0 1 "Rhand"
2 84 277 154 335 318 1 0 1 "Rhand"
2 85 277 155 335 319 1 0 1 "Rhand"
2 86 276 156 334 320 1 0 1 "Rhand"
2 87 275 157 333 321 1 0 1 "Rhand"
2 89 275 159 333 322 0 0 0 "Rhand"
2 103 254 179 323 323 0 0 1 "Rhand"
2 118 233 199 313 324 0 0 1 "Rhand"
2 133 213 220 304 325 0 0 0 "Rhand"
2 147 190 236 290 326 0 0 1 "Rhand"
2 162 168 252 276 327 0 0 1 "Rhand"
2 177 146 269 262 328 0 0 1 "Rhand"
2 191 123 285 248 329 0 0 1 "Rhand"
2 206 101 301 234 330 0 0 1 "Rhand"
2 221 79 318 221 331 0 0 0 "Rhand"
2 221 63 319 203 332 0 0 1 "Rhand"
2 221 48 320 185 333 0 0 1 "Rhand"
2 221 33 322 168 334 0 0 0 "Rhand"
2 221 33 321 165 335 0 0 1 "Rhand"
2 221 33 321 162 336 0 0 1 "Rhand"
2 221 33 321 159 337 0 0 1 "Rhand"
2 221 33 321 156 338 0 0 1 "Rhand"
2 221 33 321 154 339 0 0 0 "Rhand"
2 223 33 323 154 340 0 0 1 "Rhand"
2 226 34 326 155 341 0 0 1 "Rhand"
2 228 35 328 156 342 0 0 1 "Rhand"
2 231 36 331 157 343 0 0 1 "Rhand"
2 233 37 333 158 344 0 0 1 "Rhand"
2 236 38 336 159 345 0 0 1 "Rhand"
2 239 39 339 160 346 0 0 0 "Rhand"
2 230 60 332 177 347 0 0 1 "Rhand"
2 222 82 325 195 348 0 0 1 "Rhand"
2 214 104 318 212 349 0 0 1 "Rhand"
2 205 125 311 230 350 0 0 1 "Rhand"
2 197 147 304 247 351 0 0 1 "Rhand"
2 189 169 298 265 352 0 0 0 "Rhand"
2 183 187 292 277 353 0 0 1 "Rhand"
2 177 205 286 290 354 0 0 1 "Rhand"
2 171 223 280 302 355 0 0 1 "Rhand"
2 165 241 275 315 356 0 0 0 "Rhand"
2 165 250 270 322 357 0 0 1 "Rhand"
2 166 259 266 330 358 0 0 1 "Rhand"
2 167 269 262 338 359 0 0 0 "Rhand"
2 168 275 259 342 360 0 0 1 "Rhand"
2 170 281 257 346 361 0 0 1 "Rhand"
2 171 287 254 350 362 0 0 1 "Rhand"
2 173 293 252 354 363 0 0 0 "Rhand"
2 171 294 250 355 364 0 0 1 "Rhand"
2 170 296 249 357 365 0 0 1 "Rhand"
2 169 297 248 358 366 0 0 1 "Rhand"
2 168 299 247 360 367 0 0 1 "Rhand"
2 167 301 246 362 368 0 0 0 "Rhand"
2 166 299 245 360 369 0 0 1 "Rhand"
2 166 298 245 359 370 0 0 1 "Rhand"
2 165 297 244 358 371 0 0 1 "Rhand"
2 165 296 244 357 372 0 0 1 "Rhand"
2 165 295 244 356 373 0 0 1 "Rhand"
2 164 293 243 354 374 0 0 1 "Rhand"
2 164 292 243 353 375 0 0 1 "Rhand"
2 163 291 242 352 376 0 0 1 "Rhand"
2 163 290 242 351 377 0 0 1 "Rhand"
2 163 289 242 350 378 0 0 0 "Rhand"
2 160 287 240 348 379 0 0 1 "Rhand"
2 158 285 238 346 380 0 0 1 "Rhand"
2 156 283 237 344 381 0 0 1 "Rhand"
2 153 281 235 343 382 0 0 1 "Rhand"
2 151 279 234 341 383 0 0 1 "Rhand"
2 149 277 232 339 384 0 0 1 "Rhand"
2 147 275 231 338 385 0 0 0 "Rhand"
2 141 264 225 327 386 0 0 1 "Rhand"
2 136 254 220 317 387 0 0 1 "Rhand"
2 130 243 214 306 388 0 0 1 "Rhand"
2 125 233 209 296 389 0 0 0 "Rhand"
2 119 222 203 285 390 0 0 1 "Rhand"
2 114 212 198 275 391 0 0 1 "Rhand"
2 108 201 192 264 392 0 0 1 "Rhand"
2 103 191 187 254 393 0 0 0 "Rhand"
2 101 185 185 248 394 0 0 1 "Rhand"
2 100 180 184 243 395 0 0 1 "Rhand"
2 99 175 183 238 396 0 0 0 "Rhand"
2 97 173 181 236 397 0 0 1 "Rhand"
2 96 171 180 234 398 0 0 1 "Rhand"
2 95 169 179 232 399 0 0 1 "Rhand"
2 94 167 178 230 400 0 0 1 "Rhand"
2 93 165 177 228 401 0 0 0 "Rhand"
2 93 165 177 228 402 0 0 1 "Rhand"
2 93 165 177 228 403 0 0 1 "Rhand"
2 93 165 177 228 404 0 0 1 "Rhand"
2 93 166 177 229 405 0 0 1 "Rhand"
2 93 166 177 229 406 0 0 1 "Rhand"
2 93 166 177 229 407 0 0 1 "Rhand"
2 93 166 177 229 408 0 0 1 "Rhand"
2 93 167 177 230 409 0 0 1 "Rhand"
2 93 167 177 230 410 0 0 1 "Rhand"
2 93 167 177 230 411 0 0 1 "Rhand"
2 93 167 177 230 412 0 0 1 "Rhand"
2 93 168 177 231 413 0 0 1 "Rhand"
2 93 168 177 231 414 0 0 1 "Rhand"
2 93 168 177 231 415 0 0 1 "Rhand"
2 93 168 177 231 416 0 0 1 "Rhand"
2 93 169 177 232 417 0 0 1 "Rhand"
2 93 169 177 232 418 0 0 1 "Rhand"
2 93 169 177 232 419 0 0 1 "Rhand"
2 93 169 177 232 420 0 0 1 "Rhand"
2 93 170 177 233 421 0 0 1 "Rhand"
2 93 170 177 233 422 0 0 1 "Rhand"
2 93 170 177 233 423 0 0 1 "Rhand"
2 93 170 177 233 424 0 0 1 "Rhand"
2 93 171 177 234 425 0 0 1 "Rhand"
2 93 171 177 234 426 0 0 1 "Rhand"
2 93 171 177 234 427 0 0 1 "Rhand"
2 93 171 177 234 428 0 0 1 "Rhand"
2 93 172 177 235 429 0 0 1 "Rhand"
2 93 172 177 235 430 0 0 1 "Rhand"
2 93 172 177 235 431 0 0 1 "Rhand"
2 93 173 177 236 432 0 0 0 "Rhand"
2 96 179 180 242 433 0 0 1 "Rhand"
2 99 186 183 249 434 0 0 1 "Rhand"
2 103 193 187 256 435 0 0 0 "Rhand"
2 109 201 193 264 436 0 0 1 "Rhand"
2 116 209 200 272 437 0 0 1 "Rhand"
2 123 217 207 280 438 0 0 0 "Rhand"
2 125 220 209 283 439 0 0 1 "Rhand"
2 127 223 211 286 440 0 0 1 "Rhand"
2 129 226 213 289 441 0 0 1 "Rhand"
2 131 229 215 292 442 0 0 1 "Rhand"
2 133 233 217 296 443 0 0 0 "Rhand"
2 134 235 218 298 444 0 0 1 "Rhand"
2 135 237 219 300 445 0 0 1 "Rhand"
2 137 239 221 302 446 0 0 1 "Rhand"
2 138 242 222 305 447 0 0 1 "Rhand"
2 140 244 224 307 448 0 0 1 "Rhand"
2 141 246 225 309 449 0 0 1 "Rhand"
2 143 249 227 312 450 0 0 0 "Rhand"
2 144 249 228 312 451 0 0 1 "Rhand"
2 145 249 229 312 452 0 0 1 "Rhand"
2 146 249 230 312 453 0 0 1 "Rhand"
2 147 249 231 312 454 0 0 1 "Rhand"
2 148 249 232 312 455 0 0 1 "Rhand"
2 149 249 233 312 456 0 0 1 "Rhand"
2 150 249 234 312 457 0 0 1 "Rhand"
2 151 249 235 312 458 0 0 1 "Rhand"
2 153 249 237 312 459 0 0 0 "Rhand"
2 153 247 237 310 460 0 0 1 "Rhand"
2 153 245 237 308 461 0 0 1 "Rhand"
2 153 243 237 306 462 0 0 1 "Rhand"
2 154 241 238 304 463 0 0 1 "Rhand"
2 154 239 238 302 464 0 0 1 "Rhand"
2 154 237 238 300 465 0 0 1 "Rhand"
2 155 235 239 298 466 0 0 0 "Rhand"
2 155 236 239 299 467 0 0 1 "Rhand"
2 155 237 239 300 468 0 0 1 "Rhand"
2 155 238 239 301 469 0 0 1 "Rhand"
2 155 239 239 302 470 0 0 1 "Rhand"
2 155 241 239 304 471 0 0 0 "Rhand"
2 152 241 236 304 472 0 0 1 "Rhand"
2 150 242 234 305 473 0 0 1 "Rhand"
2 147 242 231 305 474 0 0 1 "Rhand"
2 145 243 229 306 475 0 0 0 "Rhand"
2 142 240 226 303 476 0 0 1 "Rhand"
2 140 238 224 301 477 0 0 1 "Rhand"
2 137 235 221 298 478 0 0 1 "Rhand"
2 135 233 219 296 479 0 0 0 "Rhand"
2 129 229 213 292 480 0 0 1 "Rhand"
2 123 225 207 288 481 0 0 1 "Rhand"
2 117 221 201 284 482 0 0 1 "Rhand"
2 111 217 195 280 483 0 0 0 "Rhand"
2 110 213 194 276 484 0 0 1 "Rhand"
2 109 210 193 273 485 0 0 1 "Rhand"
2 108 207 192 270 486 0 0 1 "Rhand"
2 107 204 191 267 487 0 0 1 "Rhand"
2 107 201 191 264 488 0 0 0 "Rhand"
2 107 201 191 264 489 0 0 1 "Rhand"
2 107 201 191 264 490 0 0 1 "Rhand"
2 107 202 191 265 491 0 0 1 "Rhand"
2 107 202 191 265 492 0 0 1 "Rhand"
2 107 203 191 266 493 0 0 1 "Rhand"
2 107 203 191 266 494 0 0 1 "Rhand"
2 107 204 191 267 495 0 0 1 "Rhand"
2 107 204 191 267 496 0 0 1 "Rhand"
2 107 205 191 268 497 0 0 1 "Rhand"
2 107 205 191 268 498 0 0 1 "Rhand"
2 107 206 191 269 499 0 0 1 "Rhand"
2 107 206 191 269 500 0 0 1 "Rhand"
2 107 207 191 270 501 0 0 0 "Rhand"
2 107 207 191 270 502 0 0 1 "Rhand"
2 108 208 192 271 503 0 0 1 "Rhand"
2 108 209 192 272 504 0 0 1 "Rhand"
2 109 210 193 273 505 0 0 1 "Rhand"
2 109 211 193 274 506 0 0 1 "Rhand"
2 110 212 194 275 507 0 0 1 "Rhand"
2 111 213 195 276 508 0 0 1 "Rhand"
2 111 214 195 277 509 0 0 1 "Rhand"
2 112 215 196 278 510 0 0 1 "Rhand"
2 112 216 196 279 511 0 0 1 "Rhand"
2 113 217 197 280 512 0 0 1 "Rhand"
2 114 218 198 281 513 0 0 1 "Rhand"
2 114 219 198 282 514 0 0 1 "Rhand"
2 115 220 199 283 515 0 0 1 "Rhand"
2 115 221 199 284 516 0 0 1 "Rhand"
2 116 222 200 285 517 0 0 1 "Rhand"
2 117 223 201 286 518 0 0 0 "Rhand"
2 123 225 207 288 519 0 0 1 "Rhand"
2 129 227 213 290 520 0 0 1 "Rhand"
2 135 229 219 292 521 0 0 0 "Rhand"
2 139 232 223 295 522 0 0 1 "Rhand"
2 143 236 227 299 523 0 0 1 "Rhand"
2 147 239 231 302 524 0 0 1 "Rhand"
2 151 243 235 306 525 0 0 0 "Rhand"
2 152 245 236 308 526 0 0 1 "Rhand"
2 154 247 238 310 527 0 0 1 "Rhand"
2 155 249 239 312 528 0 0 1 "Rhand"
2 157 251 241 314 529 0 0 1 "Rhand"
2 159 253 243 316 530 0 0 0 "Rhand"
2 159 254 243 317 531 0 0 1 "Rhand"
2 160 255 244 318 532 0 0 1 "Rhand"
2 160 256 244 319 533 0 0 1 "Rhand"
2 161 257 245 320 534 0 0 0 "Rhand"
2 161 257 245 320 535 0 0 1 "Rhand"
2 161 258 245 321 536 0 0 1 "Rhand"
2 162 259 246 322 537 0 0 1 "Rhand"
2 162 260 246 323 538 0 0 1 "Rhand"
2 162 261 246 324 539 0 0 1 "Rhand"
2 163 262 247 325 540 0 0 1 "Rhand"
2 163 263 247 326 541 0 0 1 "Rhand"
2 163 264 247 327 542 0 0 1 "Rhand"
2 164 265 248 328 543 0 0 1 "Rhand"
2 164 266 248 329 544 0 0 1 "Rhand"
2 165 267 249 330 545 0 0 0 "Rhand"
2 166 266 250 329 546 0 0 1 "Rhand"
2 167 266 251 329 547 0 0 1 "Rhand"
2 168 265 252 328 548 0 0 1 "Rhand"
2 169 265 253 328 549 0 0 1 "Rhand"
2 170 264 254 327 550 0 0 1 "Rhand"
2 171 264 255 327 551 0 0 1 "Rhand"
2 172 263 256 326 552 0 0 1 "Rhand"
2 173 263 257 326 553 0 0 1 "Rhand"
2 175 263 259 326 554 0 0 0 "Rhand"
2 175 262 259 325 555 0 0 1 "Rhand"
2 175 261 259 324 556 0 0 1 "Rhand"
2 176 260 260 323 557 0 0 1 "Rhand"
2 176 259 260 322 558 0 0 1 "Rhand"
2 177 259 261 322 559 0 0 0 "Rhand"
2 177 260 261 323 560 0 0 1 "Rhand"
2 177 262 261 325 561 0 0 1 "Rhand"
2 178 263 262 326 562 0 0 1 "Rhand"
2 178 265 262 328 563 0 0 1 "Rhand"
2 179 267 263 330 564 0 0 0 "Rhand"
2 179 267 263 330 565 0 0 1 "Rhand"
2 180 267 264 330 566 0 0 1 "Rhand"
2 181 267 265 330 567 0 0 0 "Rhand"
2 181 265 265 328 568 0 0 1 "Rhand"
2 182 263 266 326 569 0 0 1 "Rhand"
2 183 261 267 324 570 0 0 1 "Rhand"
2 184 259 268 322 571 0 0 1 "Rhand"
2 185 257 269 320 572 0 0 0 "Rhand"
2 195 247 279 315 573 0 0 1 "Rhand"
2 205 237 289 311 574 0 0 1 "Rhand"
2 216 228 299 306 575 0 0 1 "Rhand"
2 226 218 309 302 576 0 0 1 "Rhand"
2 237 209 319 298 577 0 0 0 "Rhand"
2 247 199 329 288 578 0 0 1 "Rhand"
2 257 189 339 278 579 0 0 1 "Rhand"
2 268 180 350 269 580 0 0 1 "Rhand"
2 278 170 360 259 581 0 0 1 "Rhand"
2 289 161 371 250 582 0 0 0 "Rhand"
2 293 155 375 244 583 0 0 1 "Rhand"
2 297 149 379 238 584 0 0 1 "Rhand"
2 301 143 383 232 585 0 0 0 "Rhand"
2 301 139 383 228 586 0 0 1 "Rhand"
2 302 136 384 225 587 0 0 1 "Rhand"
2 303 133 385 222 588 0 0 0 "Rhand"
2 303 131 385 220 589 0 0 1 "Rhand"
2 303 129 385 218 590 0 0 1 "Rhand"
2 303 127 385 216 591 0 0 1 "Rhand"
2 303 125 385 214 592 0 0 1 "Rhand"
2 303 123 385 212 593 0 0 0 "Rhand"
2 303 120 381 209 594 0 0 1 "Rhand"
2 303 118 378 206 595 0 0 1 "Rhand"
2 303 115 375 203 596 0 0 1 "Rhand"
2 303 113 372 200 597 0 0 1 "Rhand"
2 303 111 369 198 598 0 0 0 "Rhand"
2 302 110 368 197 599 0 0 1 "Rhand"
2 301 109 367 196 600 0 0 1 "Rhand"
2 301 108 367 195 601 0 0 1 "Rhand"
2 300 108 366 195 602 0 0 1 "Rhand"
2 300 107 366 194 603 0 0 1 "Rhand"
2 299 106 365 193 604 0 0 1 "Rhand"
2 299 105 365 192 605 0 0 1 "Rhand"
2 298 105 364 192 606 0 0 1 "Rhand"
2 298 104 364 191 607 0 0 1 "Rhand"
2 297 103 363 190 608 0 0 1 "Rhand"
2 297 103 363 190 609 0 0 0 "Rhand"
2 299 104 365 191 610 0 0 1 "Rhand"
2 301 105 367 192 611 0 0 1 "Rhand"
2 303 106 369 193 612 0 0 1 "Rhand"
2 305 107 371 194 613 0 0 1 "Rhand"
2 307 109 373 196 614 0 0 0 "Rhand"
2 306 108 372 195 615 0 0 1 "Rhand"
2 305 107 371 194 616 0 0 1 "Rhand"
2 304 107 370 194 617 0 0 1 "Rhand"
2 303 106 369 193 618 0 0 1 "Rhand"
2 302 106 368 193 619 0 0 1 "Rhand"
2 301 105 367 192 620 0 0 1 "Rhand"
2 301 105 367 192 621 0 0 0 "Rhand"
