00017b3904dc4ec298a5887afdc4bb56	2	0.157156	10	0.156191
000f588c0835494b9dffc26de6c5aa52	2	0.157156	10	0.156191
0013c9ce0f984a27abe4c5e8a40a4f96	2	0.157156	10	0.156191
001a3fae2026470588c2235a0d446dbb	2	0.157156	10	0.156191
002c6ff1c57f451bbcb65dafb65cf2f9	6	0.309288	0	0.300987
0031b910131043248cff3a4c049310b3	2	0.157156	10	0.156191
00355ec8cb8f4c4b964ae19568016bd7	2	0.157156	10	0.156191
0037d53025fa44cf890373f6edf2ed91	2	0.157156	10	0.156191
003e70aa4a0c48c49733c89323e5e905	2	0.157156	10	0.156191
00402471d60049b4b48efaf1885002f3	2	0.157156	10	0.156191
0042253fbd504f569f0994feaea66379	2	0.157156	10	0.156191
00451c2fd3ea4351a5deaae5d2f5ca88	2	0.157156	10	0.156191
0045ce4cffcc422c8928beb50368765e	2	0.157156	10	0.156191
00477fc056cf4f85a597c66ae91743ba	2	0.157156	10	0.156191
004986d50129431184e998bb4f3bde8f	2	0.157156	10	0.156191
005dd2d707c34e30a5133a271a0366cf	2	0.157158	10	0.156191
006189bd105a44659a47b1ce39ab8f6d	2	0.157156	10	0.156191
00630a54b1b74f2d91d891754cc1a97e	2	0.157156	10	0.156191
00651f32654d4224bd3ed0d83dec1f4d	2	0.157156	10	0.156191
0067130eb159478f99c4f2b9b588e4ed	6	0.309288	0	0.300987
00704cb10d5d4e809c3cfd0bd509420d	6	0.309288	0	0.300987
0079323ccaf04dd0b1500f938a2e1269	2	0.157156	10	0.156191
0081ca459e034abf91b77abdf7d91fae	6	0.309288	0	0.300987
0081cf987c6c418babc926c78cf94d4e	2	0.157156	10	0.156191
008561b1411544209ec477ab2beaaa0f	2	0.157156	10	0.156191
008636541e88446fa533941b52d6cb04	2	0.157156	10	0.156191
008770a22b5541baaf2f464099defe99	6	0.309288	0	0.300987
008be0b1520546da8e70530fbf8a521c	2	0.157156	10	0.156191
00940ba3587b482ca9c3001af2892beb	2	0.157156	10	0.156191
00945b95d75f4d80ba3a49090017d840	6	0.309288	0	0.300987
009a3dd81c1f44c186278b929ff8409f	2	0.157156	10	0.156191
00a763e1a635421a9c29d64c9d70a325	6	0.309288	0	0.300987
00aa85d8096e46be8a4533c850f939d3	2	0.157156	10	0.156191
00b6512bbd434ac2b05a525e2475e822	8	0.251223	9	0.247222
00c358dd80a54a0e83bedba0552b91ea	2	0.157156	10	0.156191
00c9ab0a1bcd4a558833779c8e063898	2	0.157156	10	0.156191
00d22b784e924e24b294b8bea1c1ae9f	6	0.309288	0	0.300987
00d3ce9d566c4c75842d6e88311df444	6	0.309288	0	0.300987
00d426b131ea4cf0950297ff598e42ea	2	0.157156	10	0.156191
00d6178ebb044d6dbc7139fe44d903ed	6	0.309288	0	0.300987
00d6249c99bd4060ade546f0af978c9b	6	0.309288	0	0.300987
00dfb355e96f4ce9919a72c53fb175a2	2	0.157156	10	0.156191
00e0ad0af56e47bebcbb3893eda4622d	2	0.157156	10	0.156191
00ebc32dde3149f8a2d58ad528e31b19	2	0.157156	10	0.156191
00edcbcf45884e1eb6649225d9b0ae3d	2	0.157156	10	0.156191
00f25490cd174e22a555e2298d62dabc	2	0.157156	10	0.156191
00f98b661420477793cbfc2fadd4a6ea	2	0.157156	10	0.156191
00fa8c58f2b14eefb6a95a0d8f836186	2	0.157156	10	0.156191
00fc74affcc14e96bc4d3ebb9e07ea3f	2	0.157156	10	0.156191
00fe247e4ed64ef990e825fc6aef49d4	2	0.157156	10	0.156191
0102992155134b3d9d915b8c87b6de9e	2	0.157156	10	0.156191
01041778f5eb497996a804fecb574914	2	0.157156	10	0.156191
01042d12226e404980a7e17557af4b60	2	0.157156	10	0.156191
0106fbc4b20e43798de8b81be7f0dc4e	2	0.157156	10	0.156191
01084c6c2078455a80fface27d64d1f9	2	0.157156	10	0.156191
0111d692002b4669a8c505cd2145a24b	2	0.157156	10	0.156191
01125cf3e3634523becb9cfa87bea2b6	2	0.157156	10	0.156191
0113452e83ca4516aeb5a8d8928de9dd	2	0.157156	10	0.156191
011437739acf4fa3be29b99f40dbb69f	2	0.157156	10	0.156191
01163569395b4fa5ba4d44084e5b80b9	2	0.157156	10	0.156191
011b79c58a994f60b098b9ffba602b76	6	0.309288	0	0.300987
011e0923fa2c49b38a2129bdd322463b	2	0.157156	10	0.156191
01219535765e47f7a8563aa8fe689f0b	2	0.157156	10	0.156191
012b975243084def8b2989e2a3c31c9f	2	0.157156	10	0.156191
013152c8cf89455389e5a4b87a77299a	10	0.35858	7	0.331377
013606635ed14c1e9508f19a1acfaf1a	2	0.157156	10	0.156191
013697ea80b04dc98a1f13c0e6e3523a	2	0.157156	10	0.156191
013b78797d124ba484a428bbbc1b12fc	2	0.157156	10	0.156191
013b91b35e81484cbc48b8a1b6e0dd6b	2	0.157156	10	0.156191
013c33ee9b564f5f8694a32a22b308a4	2	0.157156	10	0.156191
01421876b04143e49598244eda87c723	2	0.157156	10	0.156191
01437bf46e7e4008ba396c2fe444e6a4	2	0.157156	10	0.156191
0144cc34d8e44b4aaffcab0eecb7e8ec	2	0.157156	10	0.156191
014a39d108634fa8a14cc409ea153e3e	2	0.157156	10	0.156191
014ec98b8889400388a3a252aa5ad677	2	0.157156	10	0.156191
014f8366cf7245cdb1c978adfd5f7c8a	2	0.157156	10	0.156191
014fa4b8d1a443da805d0c70b1af5d61	2	0.157156	10	0.156191
01522ebeb90e4194b6aa5e981f0cb8e9	2	0.157156	10	0.156191
015531ac08cc4a72b5f5f47cfff50e3c	6	0.309288	0	0.300987
015e25832e7b42969d309ff1047f4713	2	0.157156	10	0.156191
016398ed9c7f4fcfa58f2fdd519040bc	2	0.157156	10	0.156191
01653d21dd934a10aa8792cc89cb4513	2	0.157156	10	0.156191
0167e65de47640b2b46aa6b08ae2fba8	6	0.309288	0	0.300987
0168246816b3434f85af6da868d0ad44	6	0.309288	0	0.300987
016e2beebb714cf3be63ef29e37e123c	2	0.157156	10	0.156191
016f3748db1447ae9f6320f4f40bad3c	6	0.309288	0	0.300987
016faf00bcea45bb8c232da5b230d61b	6	0.309288	0	0.300987
0171bd13fe8949cfbf11226ff84f187b	2	0.157156	10	0.156191
017f7a691ad74f45ad42db9e79ca4c63	2	0.157156	10	0.156191
018049297f0e49d9a88e21180bb37c78	2	0.157156	10	0.156191
01827e0ef9b246449b5c9f4bb0f6ff42	2	0.157156	10	0.156191
018cff688ab048eca16eee9d355c86f5	2	0.157156	10	0.156191
018e5633e21543a6a3f3cb8bf434b342	2	0.157156	10	0.156191
01900fc4444046a78ea38fbb3e49592f	2	0.157156	10	0.156191
0191633f73114c06922da6e7531df076	2	0.157156	10	0.156191
0196a11b0e03417ab3cd5aed1ff68726	6	0.309288	0	0.300987
01a17437b54b485b9abeed46e152f651	6	0.309288	0	0.300987
01a51357ed9c442894892e12a59f18e0	2	0.157156	10	0.156191
01b305156a58498ba2ad8b0e219fadec	2	0.157156	10	0.156191
01b359eebf2a426592622f947fe1eac2	2	0.157156	10	0.156191
01bbc8e60bec4ca2aed091b722948414	2	0.157156	10	0.156191
01bc182ed5fb40cdb0e32d7421bed8cc	2	0.157156	10	0.156191
01c17a945b4b4bf696f6606c84d24ce1	2	0.157156	10	0.156191
01c2b614ef624b0faddda68278c141ac	2	0.157156	10	0.156191
01c675c0033140eea2f6ca3a858ccfde	6	0.309288	0	0.300987
01c6a043bcff43d096b7582b913dc7a8	2	0.157156	10	0.156191
01c7af574b5f4a66b146c964cba7f70b	2	0.157156	10	0.156191
01d8b005858e482cbc7b8328a747a979	2	0.157156	10	0.156191
01d9e33b03204f399971e74fbdbde576	2	0.157156	10	0.156191
01e70d28f461419c9cc2867a2941c57c	2	0.157156	10	0.156191
01ea2838faba423980d477915c88997c	6	0.309288	0	0.300987
01ed641d082e42e9846df6f3aa604f02	2	0.157156	10	0.156191
01f2bbc02613433bbb8dde753c50d5a3	2	0.157156	10	0.156191
01f391195ce641faba7c2e9154ca051d	6	0.309288	0	0.300987
020e44cb649a401aaa4a7421ed478ae1	2	0.157156	10	0.156191
0210615293ed43ab8f14e16a20b4c134	2	0.157156	10	0.156191
0210ba2816b9440dbdaa721a72612d74	2	0.157156	10	0.156191
02115a52f16c4412ad9abef67463bdfe	2	0.157156	10	0.156191
0214df2e2e2740529b2ff610a94f8aef	2	0.157156	10	0.156191
0215781d9a30430e9d2f11e063102a58	2	0.157156	10	0.156191
0219d8ef31294ef0a3c6d8623bb13940	2	0.157156	10	0.156191
021a5dbd17cf409dae63fbe1658e0572	6	0.309288	0	0.300987
021beaf3c6464ba9bdfae72817df4fbe	2	0.157156	10	0.156191
021ff9eac70841b8a207585638d4548b	2	0.157156	10	0.156191
0220e7454707444d82727f6a3fa66ad3	2	0.157156	10	0.156191
0220ead01a9d473fadb448a192967892	6	0.309288	0	0.300987
0220f5555f2a4c0282566a0ce335c707	2	0.157156	10	0.156191
02231fbc7a9d4faab1a44546a2b27689	2	0.157156	10	0.156191
02273385fcac418b8ff70a0f1c663168	2	0.157156	10	0.156191
0228593d76054766951930329e6a3ffb	2	0.157156	10	0.156191
022a0e6444694a269c80f43a4787b937	2	0.157156	10	0.156191
022ae7019a2b40b69d5ffed2dc813856	6	0.309288	0	0.300987
022b66e6601446ee9458b4d5c066b7f0	2	0.157156	10	0.156191
022b919a51e94d609a0457e857525c07	6	0.309288	0	0.300987
022db1b1cb9249fa90738db0d46d956f	2	0.157156	10	0.156191
02371f73393c41c5bf535f23970ba2cd	2	0.157156	10	0.156191
0237f9d4bcff4dbebe80fc3d0e556f8d	2	0.157156	10	0.156191
023e449a475b463bb15f4e335fd91cc4	2	0.157156	10	0.156191
023f422ba4604e6f8a405114defe6e4a	2	0.157156	10	0.156191
0243c9b0014c4a84a9a37a677b686c9b	2	0.157156	10	0.156191
024d48623b154c2ab400ef0a98624e3a	2	0.157156	10	0.156191
024d4d1131c54f97904677f78ac5ee9d	2	0.157156	10	0.156191
02513eb413e845c5877e61947a94e490	2	0.157156	10	0.156191
025cce79213e4e3096bf42aa88755b59	2	0.157156	10	0.156191
025ff593d6194d489529aea3b2bb70f9	2	0.157156	10	0.156191
026004d1c201420d964efda38e1dad2c	2	0.157156	10	0.156191
0260b21df1f84f84850dcc4ba3f51bac	2	0.157156	10	0.156191
02632b4b3be34fa891c1c5d55515772e	2	0.157156	10	0.156191
026aa45df1cd41e4862575ff96c48250	2	0.157156	10	0.156191
026ec65c7225410a9b6bb83b5b4132ea	6	0.309288	0	0.300987
026efc09b79d40a79eae73deeb35c731	6	0.309288	0	0.300987
0270fa0cb23e4eb188831d67892d4559	2	0.157156	10	0.156191
02716291923f41c48340cd27437e85b4	2	0.157156	10	0.156191
027cd56d582449efb341f3bba1b52fd0	10	0.351575	7	0.329243
028677f4183c4847869fc71d8ad918f3	6	0.309288	0	0.300987
02886ca89076448cb1e96c6c140b4eb3	2	0.157156	10	0.156191
0288ac83f27e492d86687507f50c5445	2	0.157156	10	0.156191
0289fcf786864a6283d544bd8342fe94	2	0.157156	10	0.156191
028bd51857f54ad993e3fca11c02cc8a	10	0.358791	7	0.331436
02951276c0314c168017dbe76bf56a55	2	0.157156	10	0.156191
029fdedc17f04201afb6bf9521163fe8	2	0.157156	10	0.156191
02bdd6ac36ec406d9944f725f02cb654	2	0.157156	10	0.156191
02c00479f8f349768988a4dbee8aecc2	6	0.309288	0	0.300987
02d03d27b5574298aac383f5e375e7e1	2	0.157156	10	0.156191
02d08a4d88ac4bc4b0e76dc9780933ff	2	0.157156	10	0.156191
02d1aa6b851b42bf9831006c85f058a7	2	0.157155	10	0.156191
02dfcf24acea443493b716638e9c0d89	2	0.157156	10	0.156191
02eb328530f74b5a9ce3bb25df7417ca	6	0.309288	0	0.300987
02eeb411adb64c74ba84d7714348148d	2	0.157156	10	0.156191
02ef8742a531465bb018f6fcbcc10a4c	6	0.309288	0	0.300987
02f048cb3cdb47c6b0190bdbfc0848b7	2	0.157156	10	0.156191
02f684f6cca84bbea4b803019d785024	2	0.157156	10	0.156191
02f742a5fa194c638582ca93386f41a2	2	0.157155	10	0.156191
02fd2649c0c64b90963ca20ae2a7d622	2	0.157156	10	0.156191
02fd2f8bf0294473b36c80df98496ae7	2	0.157156	10	0.156191
03046aea9ba34c19b5f98f256e6ededb	6	0.309288	0	0.300987
030b28977b9d45dcb926bcdd68bcef67	6	0.309288	0	0.300987
030c0448ffec4f259cacdf1a7439c277	2	0.157156	10	0.156191
030cc7706aa545f1b8b2740a5ef5d292	2	0.157156	10	0.156191
030fcf0c904541e1812f47a8402b6355	2	0.157156	10	0.156191
0311ef8d8f03467b9474add2c129011d	2	0.157156	10	0.156191
0312a63ab30b46689a4d11b4acf58e4f	2	0.157156	10	0.156191
031834431cc6489e9c5b80c41b5aa789	2	0.157156	10	0.156191
031a52900a954371abe629cbcd035a7b	2	0.157156	10	0.156191
031e629e2f6c47a5b40201a5e0b3695a	10	0.358791	7	0.331436
0322bb615b88410f9597607082f42e5b	6	0.151726	0	0.147413
0323895328914a109b51635ab6b1d0ee	2	0.157156	10	0.156191
032cf623608c489193dc089aa6860925	6	0.309288	0	0.300987
032d447c6c444bc69f209965b55789ac	2	0.157156	10	0.156191
0331377ac0294671bbbccef2fe5373eb	2	0.157156	10	0.156191
0335aeeb1d1c4184976daefa75ce9b19	2	0.157156	10	0.156191
033cbf2074844cd3950867367116d39a	2	0.157156	10	0.156191
033e87d4ed8e40e6816743f33f7dad78	2	0.157156	10	0.156191
033f36861b0f4c919e8d68672ad1a4cc	2	0.157156	10	0.156191
03494985f4b14187b1db18995bfc6d1e	2	0.157156	10	0.156191
03595b380fbe4c9580f791a7f418fb32	2	0.157156	10	0.156191
0368132438434844b7b44e1325dbea0f	2	0.157156	10	0.156191
0370744abbe9487194ccd93ead18a176	2	0.157156	10	0.156191
037344fe7413408392be75f62121bf08	2	0.157156	10	0.156191
03757b6571ba4d47906b60efe37fc79e	2	0.157156	10	0.156191
03759f2ab2a349b98f1fec52bb7607f7	6	0.309288	0	0.300987
03817b09680946ea9f2c0a69731d6fcf	6	0.309288	0	0.300987
03892f804d7e4fe2a6d4e3e83ef47cd5	6	0.309288	0	0.300987
038c4650ffe64a7ca7c9b5958f22fd06	2	0.157156	10	0.156191
03938e59e5ce4508ab46c74735c0daa6	2	0.157156	10	0.156191
039b05973e9e4a1399548d84f9d0cbb9	2	0.157156	10	0.156191
03a5c6814aea459e93fc3520be0e33c9	2	0.157156	10	0.156191
03a70beb082140f4ae640bea5f9c14fd	2	0.157156	10	0.156191
03a743ee8018446587b320f37bec061b	6	0.309288	0	0.300987
03b11f9468364fafa8e799918a82531e	2	0.157156	10	0.156191
03b4dede938645c0be32f7d6b880949d	2	0.157156	10	0.156191
03bca16f59b94920bb462c8445504cfc	2	0.157156	10	0.156191
03c294a6397e40779f9525a052bfb108	2	0.157156	10	0.156191
03c544ea901f4987acbe1ec4596da70a	2	0.157156	10	0.156191
03c585b6391c4281a70d5cf275532aa1	2	0.157156	10	0.156191
03c9689c3e29483c86c9e59101048b54	2	0.157156	10	0.156191
03cb85fadbb046959e9a6d36fb5c8b43	6	0.309288	0	0.300987
03cb90b50ad043859b505f874e865aa1	2	0.157156	10	0.156191
03cce48df69b46bfa4f30d2fe4a77b72	6	0.309288	0	0.300987
03d82cc07ef848c9a0462e9b6a3fb59f	10	0.358791	7	0.331436
03dbf40b7aae4138b8de85453428ef54	2	0.157156	10	0.156191
03dd10579c564842ab287856b511bc6f	2	0.157156	10	0.156191
03e03c15fd6349c6b40bbfe8420775c6	6	0.309288	0	0.300987
03e95bc1782c4dc7bf2525a757da87dd	2	0.157156	10	0.156191
03ed95fc69824aa185c9e1800feec726	2	0.157156	10	0.156191
03f165f65ba34cc6892eff01fe5df4c7	10	0.358791	7	0.331436
03f52f2b3df94b13a7da7d0d72a659be	6	0.309288	0	0.300987
03fa7b223ecb4f5fa74e0d9a8ab226cb	6	0.309288	0	0.300987
0402681a504a43bc8309da718a3cdd54	2	0.157156	10	0.156191
040732ad1c72488c96172f0d248b0bfe	2	0.157156	10	0.156191
040e742da65849d79b1c4880f697cdb3	6	0.309288	0	0.300987
04227664811446abb1a0ad49783035a7	2	0.157156	10	0.156191
0423713008c44f188dbb83ead61cf94b	6	0.279754	0	0.272115
0429124d6eec492eb592412ecf8e2c74	6	0.309288	0	0.300987
0438d85654694f9cacacc4c682f61cce	2	0.157156	10	0.156191
043eed9076db49e7b0f81b796cdbf056	2	0.157156	10	0.156191
044704e4ca6e44f687790ebc64ed7ac1	6	0.309288	0	0.300987
044cec1f43cf4798b3ce501ba3d8fa9d	2	0.157156	10	0.156191
0456f03eae944aee9b8b8dabefa977f0	2	0.157156	10	0.156191
0460c83b2f064272bacc989d69d3c87b	2	0.157156	10	0.156191
046d307771b4458d8a5938e15d8ffd38	2	0.157156	10	0.156191
046f59dc488142f1b29b9ab4ad9f2382	2	0.157156	10	0.156191
0474f0a65480455ebf5cf65479487a64	2	0.157156	10	0.156191
0477551377624202bafee364ff20f09b	2	0.157156	10	0.156191
0478945938604c7a8dcff21d7ff5621b	2	0.157156	10	0.156191
047a91c2e86d4cebbac53716ce5ca186	4	0.276873	0	0.274668
047dd7703a5f43d291769e135f5b3708	2	0.157156	10	0.156191
047facd8c7ef44f6abe17d0e2f6c5f77	6	0.309288	0	0.300987
0486c25be109478ba30d783bb007e469	2	0.157156	10	0.156191
048abec029e949fa97243e842de3a23f	2	0.157156	10	0.156191
048c359fc501436d911a8c659b3309f1	2	0.157156	10	0.156191
048ece4837cd446da09282ce48e5f4dd	6	0.309288	0	0.300987
04956ccf319449718aee200c9aa4fabf	2	0.157156	10	0.156191
049a52550bec43f0932372e226927619	2	0.157156	10	0.156191
049b853061f9410091300f2932ca5d5a	2	0.157156	10	0.156191
04a05023c01d493689ba1b4e798a5a5b	6	0.309288	0	0.300987
04a8d8a615ae44a19505763abbc26295	2	0.157156	10	0.156191
04ae05a5185246518fe4a2f4f1536dcf	2	0.157156	10	0.156191
04b88ef8c5dc4a85a0162261d266ad1c	2	0.157156	10	0.156191
04c0b1e969ec4c86a5c8318ab446e125	2	0.157156	10	0.156191
04c344029a614640bceb27e376f00566	6	0.309288	0	0.300987
04c7f5ab5d664ddc82528ccceedde85b	2	0.157156	10	0.156191
04c95145524d4f149e5f67e52d57b2b3	6	0.309288	0	0.300987
04cb0fdbe6dc4d8792d85813e06d0da1	2	0.157156	10	0.156191
04ccdbd0b3e04ade95d4dfb389190d0d	2	0.157156	10	0.156191
04cd6dbb4c0b4eba8520d8e72dceefec	10	0.358782	7	0.331434
04d43c6885774b0186fe5f33407b1673	2	0.157156	10	0.156191
04d5ae7047f748079bb7e1fa3b45a066	2	0.157156	10	0.156191
04d72197058c455da196325d53b1f017	2	0.157156	10	0.156191
04d8115c7b524cb58885701946d0595a	2	0.157156	10	0.156191
04dcd8e901ed4e6fa5e6796100a24009	6	0.309288	0	0.300987
04ddaba2d5b14032b8e70da70d6ded44	2	0.157156	10	0.156191
04df7c7908a64c94b7f1b15cd767ad78	2	0.157156	10	0.156191
04e6574f569c41ccbe74518d41fab030	2	0.157156	10	0.156191
04ec074f8bb34ce299bc124355e65415	2	0.157156	10	0.156191
04f3685c23684784adb35674f438edaf	2	0.157156	10	0.156191
04f57a098add49acba8b303e2482f2c9	6	0.309288	0	0.300987
04f714007bd54f10911e838bfce568b8	2	0.157156	10	0.156191
050b25372ea64212897c7c355ab0ca1f	2	0.157156	10	0.156191
051471d00fc84765b9d40bcf2a381566	6	0.309288	0	0.300987
051b29151dae4a068dee8d9ff16bf927	2	0.157156	10	0.156191
052bb127448848b3b455013f52b8360c	2	0.157156	10	0.156191
052c435d050e4177819fe69463951204	2	0.157156	10	0.156191
052ec997ba964972971cad1b90f56000	2	0.157156	10	0.156191
053587a12efe4ce984b250b4d57c3d9f	2	0.157156	10	0.156191
053a935611e644a4b54149b71edef5bd	2	0.157156	10	0.156191
053e83de244f4ebd907560c2ac23782e	2	0.157156	10	0.156191
05461dc0bbc54e5a991464a8fb0c47fd	2	0.157156	10	0.156191
0546c2332d5541f7aeac16db151c5bc7	2	0.157156	10	0.156191
054b90497058492ea0766bddbd47f10f	2	0.157156	10	0.156191
054da12cdbff4c1fa6430b46db2d605b	2	0.157156	10	0.156191
0554e68032aa4e148b7087a41a6f63e7	2	0.157156	10	0.156191
055720ef5cbc42ca987731088125d951	2	0.157156	10	0.156191
0559cb42cd3d42c895a825d3b6ad93a4	2	0.157156	10	0.156191
055ae55e4caa44cc9bc6c6f80a653fa5	2	0.157156	10	0.156191
055c1b3cef3443cabacbb6908d18ebd1	2	0.157156	10	0.156191
055dbed7aa9d429ebf57d711d05b0103	2	0.157156	10	0.156191
056261f6c17f449282129bc2b47d96b0	2	0.157156	10	0.156191
0562f383bc4940eea0e0a8230e8ddecb	2	0.157156	10	0.156191
0565b602994e493ca4aecb0b26b0cd76	2	0.157156	10	0.156191
056be1181cd54f29acba771c0e97614d	10	0.358791	7	0.331436
0576e00277da47799bbd284a9f12ba09	6	0.309288	0	0.300987
057f9c6358984aa191b0da5fc388f46a	2	0.157156	10	0.156191
0590cae041074f21a12304bd655c4586	2	0.157156	10	0.156191
05910f97caa04055bd24fa9a611aedbb	2	0.157156	10	0.156191
05940ed902634f08b6e5b815f9c88217	2	0.157156	10	0.156191
059a29aff20e4c4b80ec0ac87742685b	6	0.309288	0	0.300987
059c62edc4474309890a81ef79d13d61	2	0.157156	10	0.156191
059da64a1177406f80295466dfeeab47	6	0.309288	0	0.300987
05a2415a8ec64849ab89d0a5b3d43ebf	10	0.358791	7	0.331436
05a2dc8022284bf2b888f8396aee404f	10	0.358791	7	0.331436
05a6a65ca0ef48f3baed4372e3fdde08	2	0.157156	10	0.156191
05b047e01f54498aa5563d7e2799cad0	2	0.157156	10	0.156191
05c1a7b7334f47f48e917944d1043b70	2	0.157156	10	0.156191
05c22c98589c437883e12efbafb2c35d	2	0.157156	10	0.156191
05d21463bf154afa9b3f2857256d0961	2	0.157156	10	0.156191
05d79d1070ef4e12a904ebdc3950ecf3	2	0.157156	10	0.156191
05d8761f945a49fcbe4e308242dedde3	2	0.157156	10	0.156191
05db62d07c1a4d398f2cc3b4e6f8e668	6	0.309288	0	0.300987
05e57579b95148dca18448b84e101d00	6	0.309288	0	0.300987
05e75be0bde044e7ae59fa57ca2cb506	6	0.309288	0	0.300987
05e8ba454b85471dac7be8551c05d619	2	0.157156	10	0.156191
05ec7a1bb3a64d35863ec45ceab9df13	2	0.157156	10	0.156191
05ef06f4128f4b9baef499829f25f562	2	0.157156	10	0.156191
05ef529157e641db9362f3b2852ef77a	2	0.157156	10	0.156191
05f1fcf533b2402caed0c516d0f830c1	2	0.157156	10	0.156191
05f487c865324802a7a3af951d70370a	2	0.157156	10	0.156191
05fbfad984ae4891b531b1fdfe6db1a2	2	0.157156	10	0.156191
06006e2e6903466da049df17f0d0a5eb	2	0.157156	10	0.156191
060f164d88564600ab0d53e64dad83fa	2	0.157156	10	0.156191
061208e04bbe47a08f49b9fdacbe51c4	2	0.157156	10	0.156191
061461ef95ec47588c5ed2a16e490c3e	2	0.157156	10	0.156191
0616d32695c345e5b5a434fc13e86204	2	0.157156	10	0.156191
0617b4d0f44c4101ad2df442df63eae7	2	0.157156	10	0.156191
06197c346bf24d40be68ed7facf0ca65	2	0.157156	10	0.156191
061d61ba4ab34d5e8b0cff546731b061	2	0.157156	10	0.156191
0620efde632d480db36efece08a41b54	6	0.151726	7	0.147614
0625ff31fc4d405cba97ae371eea4a71	2	0.157156	10	0.156191
06328136cc7a4a288f6493f43b44e367	2	0.157156	10	0.156191
06374e60cb854850896672d2a7caa1aa	2	0.157156	10	0.156191
06394aa4459d4427bd560c51918668f4	2	0.157156	10	0.156191
063b0d9f02d640f9bc7cb9de107aab81	2	0.157156	10	0.156191
063d96fa44b24f8f821277c66fa3b8c7	2	0.157156	10	0.156191
06436cfc6dde48aeafa49da907adb781	2	0.157156	10	0.156191
06465869002b4fe9af61f4bf60b9b412	10	0.358791	7	0.331436
0646bfb934cf4f5a8e14a71e5e516692	10	0.358791	7	0.331436
064fb9bbfe644fc8a99abf7e493bc103	2	0.157156	10	0.156191
0653421466d74ec4a996116725f71e67	6	0.309288	0	0.300987
06557059b4d2482cb0803dadf4596c85	10	0.358791	7	0.331436
065877a388d34d42a98e42483e1c6c0b	2	0.157156	10	0.156191
065ac2156e014b8a900dd67c2080a9c1	2	0.157156	10	0.156191
065af6a6adbb4869a623b83361e75cf0	6	0.309288	0	0.300987
0663069c767e4760a3518917e99155dd	6	0.309288	0	0.300987
0664948cbf064397be9d14e30060490d	6	0.309288	0	0.300987
06689bf722de4a8fae2d831789127751	2	0.157156	10	0.156191
066d864d6f0a4e278a726676bcbf2638	2	0.157156	10	0.156191
066e4c1f29a64fc0b59eb57150b6f9d3	6	0.309114	0	0.300816
066f04f6ee45413285e627bdf0f742d6	6	0.309288	0	0.300987
06753732a132451ea393b6e23483b103	2	0.157156	10	0.156191
0677170d14194d6688bcd3940dbb461d	2	0.157156	10	0.156191
06776b10770a4dacb8f0718b766a179c	2	0.157156	10	0.156191
0678adfd5af64f85a8478ec0198637c9	2	0.157156	10	0.156191
0680087fdf8a4240befc50323202216d	2	0.157156	10	0.156191
0680b6788571411a8630587d6b8b1f1b	6	0.151726	0	0.147413
0687aef8e2d146cf8b3cabec180fc816	2	0.157156	10	0.156191
068964baa4354371bd89183ca11f9706	2	0.157156	10	0.156191
068a2b0268c34c8d8df6aeb6f5f5b8b2	2	0.157156	10	0.156191
068b514dbeaa46fc86358f07831fc1ff	6	0.309288	0	0.300987
068c0bc24127416788fe4dd191e2e0d4	2	0.157156	10	0.156191
068fc22c51904adba8848adde3acefd2	2	0.157156	10	0.156191
0697a8c2354f4bf0bb41a4024bc3095c	6	0.309288	0	0.300987
0697ea0fbd3e4bb58d1c9f1628769c09	6	0.309288	0	0.300987
069c5157ef56441cbcf60a49ed4bbdfc	2	0.157156	10	0.156191
069e9284d9894d118e8895b8f6708697	2	0.157156	10	0.156191
06a0b30c783e4805b8926f1a77ca9fcc	2	0.157156	10	0.156191
06b38cab100d4ab8b8ed01e5f2bd1b96	2	0.157156	10	0.156191
06b3ec5f225e4186bd5a76f2488c60c1	2	0.157156	10	0.156191
06b7a75a3384469c85e2515b727aa5ef	2	0.157156	10	0.156191
06b839befe2e47279eaf84829d7e41c0	2	0.157156	10	0.156191
06bf1eebd01b4970a2cc0ac6da314367	2	0.157156	10	0.156191
06c86b162e7e48c192569ffb022fbf75	6	0.309288	0	0.300987
06c92ba6806b4eca97970ad45fdd135e	2	0.157156	10	0.156191
06c97fdfe50a474ebb39e5dec762be57	2	0.157156	10	0.156191
06cc41a0681c475ba30a03ed36005e16	2	0.157156	10	0.156191
06cc4662801045fd938c47540ff37a8a	2	0.157156	10	0.156191
06cf9a44ddab4551850918b17fcf1658	2	0.157156	10	0.156191
06d2013b9f2a4118bd3607b8dd87288e	7	0.206861	10	0.194046
06d22a5a17be4aeea727e99c49462aa0	6	0.309288	0	0.300987
06e0d29909d04ef9a8c7c3021b129de4	2	0.157156	10	0.156191
06f60b0e927b4805b95b9b66643251b2	2	0.157156	10	0.156191
0702414aa24343f4968847b0f9da531e	2	0.157156	10	0.156191
070a0cc130434861933677dd55ef910c	2	0.157156	10	0.156191
07219ccfdd2a4c02b5152754028bebf5	6	0.309288	0	0.300987
0722999d2ec147a1863bdd736db1da28	2	0.157156	10	0.156191
07238b1815a04cf18336a587062823b3	2	0.157156	10	0.156191
072711b66a1c4b96aaf470cbd9f7e8e2	2	0.157156	10	0.156191
072a50615cc8498db3574028e3f76007	2	0.157156	10	0.156191
073060952af94876b1b365616dad7019	2	0.157156	10	0.156191
073ccff915a64c2992acce451500edb2	6	0.309288	0	0.300987
073e59608b7a4d34a108b696ef711294	2	0.157156	10	0.156191
07459a592c564a068179fff03c15c44e	2	0.157156	10	0.156191
07495d46c70d44aeaa705c871ad7e36e	2	0.157156	10	0.156191
074bedc663ad46c8bab3c18695dc1994	2	0.157156	10	0.156191
074bfeaaa6054bd688d1db3d50392f6f	2	0.157156	10	0.156191
074da694f64b46879f6ffa3074a52dda	6	0.309288	0	0.300987
074dacc87a1c4f17933bba9e30539993	2	0.157156	10	0.156191
074f5b97bdc94dcfadacbf3f9a63314c	10	0.358786	7	0.331435
07502dc7e5af439fa282434911f3b741	2	0.157156	10	0.156191
07537355b097483f9b581e1357b2b4cf	2	0.157156	10	0.156191
076117d496b44e4496227f5eb66a0254	2	0.157156	10	0.156191
0765d40a41ed4ebfb3788605ce2968f0	2	0.157156	10	0.156191
076f713019964b6991a1dfcecf3196c5	2	0.157156	10	0.156191
07766a018d8d46a1a1ea7bb723283b56	2	0.157156	10	0.156191
077af4865af2461e8b4a5fed715e93fb	2	0.157156	10	0.156191
077b5ad7a25540798512b9ed71939946	2	0.157156	10	0.156191
077cab1da5e64b118a1122981dc5555a	2	0.157156	10	0.156191
077e99d7623a482a95646c110091e32e	10	0.330539	7	0.320943
0780d1ec8b3f457696fc8daaee3da5bb	2	0.157156	10	0.156191
0781328214954b24a8c62faaa15b6169	10	0.358791	7	0.331436
0786b60f00844654b6a97ff9e87c3d30	2	0.157156	10	0.156191
078e54ce507d41d6a17e000ae47e52cb	2	0.157156	10	0.156191
07908219a989481898ad069f07e30794	2	0.157156	10	0.156191
07937d8b14524c66a8d557baf6c69fb1	6	0.309288	0	0.300987
07957128b4de4795a868c47b1475afbd	2	0.157156	10	0.156191
079a1792fe0a401b8ef458897f491655	2	0.157156	10	0.156191
079c79552e7848fa8c171ce7d024d07a	2	0.157156	10	0.156191
079d38f4a72a4f9abf3b9df6a7cc22ca	2	0.157156	10	0.156191
07a7057cef43438db7b94b2389633edf	2	0.157156	10	0.156191
07a9db9e0bf9457f8f9bcd82e7227710	10	0.358791	7	0.331436
07ac451ecbef412e9dc2710ac0e0ebd1	2	0.157156	10	0.156191
07ad6d9440dd4f63ae6897f0d941b797	2	0.157156	10	0.156191
07b63c776e024da683b304e25a901026	6	0.309288	0	0.300987
07b8d18ee59642988ed564015e280774	6	0.268972	0	0.261595
07b983a7c7e34fa4bde7bac8d0c2ee19	2	0.157156	10	0.156191
07bbc50459e24187bea97c1e5b328451	2	0.157156	10	0.156191
07c8a15755fa4f69a020b52e508ffa9c	2	0.157156	10	0.156191
07cc7b0c075d40b3879b035a7b267e61	2	0.157156	10	0.156191
07d32720175f48b6a60bffd0b53f34e9	2	0.157156	10	0.156191
07d6f0a710484c32ab290491046abeba	2	0.157156	10	0.156191
07d79285f58244ab89784c669872d237	2	0.157156	10	0.156191
07eeebd5fc69448a86312a980c3ace99	2	0.157156	10	0.156191
07efcc7f1607479ca8330393545a9c30	3	0.209277	1	0.163772
0818b9078f3b44deaf83d58238357554	2	0.157156	10	0.156191
081ddd34cc594de4b3e787fef5123a22	2	0.157156	10	0.156191
081f61e0778a4e0391e98b0f62539031	6	0.309288	0	0.300987
08229cbcaf0e41019d342ba9a4537cf0	6	0.309288	0	0.300987
08243d3bf4884c0eab3e2914fd1576e3	6	0.309288	0	0.300987
08286bd3726d4ed3949834ad7d4055a9	6	0.309288	0	0.300987
08344534617f426eb7725a93abf99041	2	0.157156	10	0.156191
08367490d89a4e779119c4ce7d3ce43d	2	0.157156	10	0.156191
0838249fa696482da6a013a32545d42d	2	0.157156	10	0.156191
0839bec0bc2b4dcdac78039409d77667	2	0.157156	10	0.156191
0843ad95d26d4c91929c32ac77d8be94	2	0.157156	10	0.156191
08476c02f03343caa4f5956d6362bae6	2	0.157156	10	0.156191
0847e03476724c8581de1ab4d9f72175	2	0.157156	10	0.156191
084fa3a2906b4b9c9e19cef8f9f3f75f	2	0.157156	10	0.156191
084fcecb59d54f24b8fbd19117e9bcd2	6	0.309285	0	0.300984
085590242f0f418f8d9dd2fd7654cd1c	2	0.157156	10	0.156191
085a9428b484413fb1687f09e4017391	2	0.157156	10	0.156191
085b5c1bdf134534b092a1d4bf8ff023	2	0.157156	10	0.156191
086950d627d34fa491bccfa6a9f35d28	2	0.157156	10	0.156191
086b75b42c3449ceb84c304247737a59	2	0.157156	10	0.156191
0870e6f895354deeb61f094fcb267a13	2	0.157156	10	0.156191
0871008a13c3462bb61fcefb3fcd4b3a	2	0.157156	10	0.156191
0871d0fa89a941789b62ec5c68633e55	2	0.157156	10	0.156191
08732dd9b09840a99a251081dbde865e	2	0.157156	10	0.156191
087ae16b666e4ebaa58fcfed2094cd57	2	0.157156	10	0.156191
087b8a7756f54b7dafc1c94a8d62434d	6	0.309288	0	0.300987
08837597007d4964a8dda5ed706e06a2	2	0.157156	10	0.156191
0883ad3de07447ae834d511bd2811b0d	2	0.157154	10	0.15619
0894f4e9c19e48b29c02f10b1964e45b	2	0.157156	10	0.156191
08974361de2a43118b4b415477a5ecf1	6	0.309288	0	0.300987
08992947d3454a75a47e94348bf37d55	2	0.157156	10	0.156191
08a7a2f0a3814851954312b24e41ba4f	2	0.157156	10	0.156191
08ace5cb9d66480897ed2e7495db23a3	2	0.157156	10	0.156191
08ba4451f5914b15829260eeec54973d	6	0.309288	0	0.300987
08ba5fb7d3ba422e96414aa290218867	2	0.157156	10	0.156191
08be5784fe3743088d8ed3ec3aaf7e8a	2	0.157156	10	0.156191
08d43963cf2948f29c64aec6ca083b46	2	0.157156	10	0.156191
08e0fe66ea104afbaa0fda8ebf780399	2	0.157156	10	0.156191
08f0bc134bfc40a6a50d751aa40204a3	2	0.157156	10	0.156191
08f1f32e132a4f52beb853b230997c69	2	0.157156	10	0.156191
08f4005fd18b41da94ad0da3e55b5e9b	2	0.157156	10	0.156191
08fa00c46c7d4b868d87ce57c093990e	2	0.157156	10	0.156191
08fd4adf6e194900b79148a6a82bb041	2	0.157156	10	0.156191
0901c20e78bf4ba791166cc0a0313156	2	0.157156	10	0.156191
091261ad61c24757b116831c158c9aa7	2	0.157156	10	0.156191
09136075d5ac4d2f9c297d3057e3c80d	6	0.309288	0	0.300987
0913bdef08a14615adbd4b81976fb6f8	2	0.157156	10	0.156191
091731e42dec41f79713edf84e51b96c	10	0.35879	7	0.331436
0918773bb3954906a962bae0dd5cef0b	2	0.157156	10	0.156191
092a4ae610d9445480e707d400bf61c3	2	0.157156	10	0.156191
0936298c647a4b80937deec32c47fce5	2	0.157156	10	0.156191
093f1cf86600494f9ce7080fb7a418d2	2	0.157156	10	0.156191
094349e7edb94a9bb0ed8c7e1ae62aa9	6	0.309288	0	0.300987
094479e90f86435cb2ea9f969d5fa017	2	0.157156	10	0.156191
09449bb2ead54eab86504512290ae3c8	2	0.157156	10	0.156191
0945f995e5a14f31b65ed8f99daf4042	2	0.157156	10	0.156191
09485f697f76458f9598ac1cb785c7af	2	0.157156	10	0.156191
0948f47b1fdd4497a60c76c1c02a7172	2	0.157156	10	0.156191
094b52acb0854a7b88fcb42b12413c23	2	0.157156	10	0.156191
096a9330f5a8460982ab00166c0ef38e	2	0.157156	10	0.156191
096c62335e7942b1ad9caecbc7e13dbe	2	0.157156	10	0.156191
0972a5337d7442ae8553e64e0d9025fe	6	0.309288	0	0.300987
0972ba89c77b411c88d95491e2d907c0	2	0.157156	10	0.156191
0979589b2a5a4f159e30e24635863200	6	0.309288	0	0.300987
097adb15d2d345e6ae5cb0e1b7310730	10	0.358791	7	0.331436
097b7f2072384945a3664b6cc6a1a619	2	0.157156	10	0.156191
097d6a359d884755bf869aa1ffdaf36d	2	0.157156	10	0.156191
097f5d4eb71749348f7f07b59dd25300	2	0.157156	10	0.156191
0981e952ab8d46f5b6b7934e5262ed0d	2	0.157156	10	0.156191
09863ac4808045fba5a00b3130e7a32c	2	0.157156	10	0.156191
098e52fdc2e14f66bf71b05c3d3a3f0a	2	0.157156	10	0.156191
09a8eb899d524a01a1948478d090119e	2	0.157156	10	0.156191
09bf0a2929824b9c9433903e399fc8ca	2	0.157156	10	0.156191
09bfc6b57b7344da9e396a93bd1f0a38	2	0.157156	10	0.156191
09c6a0f6dba94bac88f6cdd0d1675104	2	0.157156	10	0.156191
09c7ce8506344b889d38063788b88497	2	0.157156	10	0.156191
09cfe5452d3d4a57bbf76b0cbbe44000	2	0.157156	10	0.156191
09d07ba37fbb490c8f44999fbc5f2498	2	0.157156	10	0.156191
09d3ccea9a1d4410afcc29e784228cd6	2	0.157156	10	0.156191
09d6242c53554935bba65dbc35e4b7bc	2	0.157156	10	0.156191
09d8c9e78be0418d8a65fa8c9fa62492	2	0.157156	10	0.156191
09e45d8560ab4f8b8c4d048cb7895672	2	0.157156	10	0.156191
09fd67df83174d86921fd6a89c049dc4	2	0.157156	10	0.156191
09fdd5f815614b0780a7634011e529ac	2	0.157156	10	0.156191
09ff960ab8ef4565bd459c5f157abef9	2	0.157156	10	0.156191
0a079caf70e9459aa2f89053c93c65d6	2	0.157156	10	0.156191
0a15692664b04eac8d6f2230e396f3b0	2	0.157156	10	0.156191
0a185c5212884d29a34389581d0dd522	2	0.157156	10	0.156191
0a1d447318a64604a38681dfe9436c8f	2	0.157156	10	0.156191
0a1fec9f901e4511b6eb8fe082ecadb3	6	0.309288	0	0.300987
0a37d60322b84dfab53b66ceccc728eb	2	0.157156	10	0.156191
0a3e2ca553ed426a902c4ea2fda33bec	2	0.157156	10	0.156191
0a42d3a9fd0f484d8b9b88d481655d79	6	0.309288	0	0.300987
0a4a16f1adbf40049ca9b91cc0632658	6	0.309288	0	0.300987
0a4a64f96c524a1aa9644b3e6250ea73	2	0.157156	10	0.156191
0a510cb5fae24fd89f89c699f3e97be8	2	0.157156	10	0.156191
0a55ed2f1b4b404f92a8d6ed8dcb143e	6	0.151726	0	0.147413
0a57f591acd4482dbe0544067cee1837	2	0.157156	10	0.156191
0a6035a1d14742cc9d291b81e94e1c1a	6	0.309288	0	0.300987
0a632b253056450cb469665998498588	2	0.157156	10	0.156191
0a63b37a9bc54766a729b392ad06a236	6	0.309288	0	0.300986
0a64159641414d98a8f7fc20794e3c46	2	0.157156	10	0.156191
0a67204109be42b1a06f6713321a41cd	2	0.157155	10	0.156191
0a6ecfe81fca467d81e5608a981e1933	2	0.157156	10	0.156191
0a742779af7d44d2bb63649e3641ff2c	2	0.157156	10	0.156191
0a746002d2b44443be5d3aaedf552a5c	2	0.157156	10	0.156191
0a76804dfa5e4b3897a996364487fbdf	2	0.157156	10	0.156191
0a78053476f64a50887fa0467c59913b	2	0.157156	10	0.156191
0a798cb0cdb14366946a36e600c0522c	6	0.309273	0	0.300972
0a7ad5c0e1f74f928d9945116ecf11cd	2	0.157156	10	0.156191
0a933dc94ca342368a4199b3a1338dcd	2	0.157156	10	0.156191
0a9840e6626b42ef9f9f4daba7ff646a	6	0.309288	0	0.300987
0aa0f332f8d3458a97ebce1d30478df0	6	0.309288	0	0.300987
0aa159857cbb42c7a763ab0eafa98d85	2	0.157156	10	0.156191
0aa3df56da4b44d5b8393e60498cd4d7	2	0.157156	10	0.156191
0aa6c942321045ebb0d7ba0611ae3f44	2	0.157156	10	0.156191
0aa72da1478d49bd9970e81e51de3a3a	6	0.309288	0	0.300987
0aa8f12077244ee6a181b6c1da0dae2f	2	0.157156	10	0.156191
0aa9a7c4e3144e5f91165cf477761712	2	0.157156	10	0.156191
0aba4cbea7704b5387e2103e1e61a175	2	0.157156	10	0.156191
0abe437dcd2d4c2496758ecddb52321b	2	0.157155	10	0.156191
0acc2e0aba2145f0b0fe62a91c73d3ef	2	0.157156	10	0.156191
0acc92aa0d034a3f97dadac5e42084a7	2	0.157156	10	0.156191
0acecd29b9e248f0853900edeb1dfaef	2	0.157156	10	0.156191
0ad13cbc9d7747a983258e7b60387a83	2	0.157156	10	0.156191
0adf01d0a7624a7295cd9e6a95c06d64	6	0.308938	0	0.300643
0ae049a3e2eb45c6a77daa75005f1b28	2	0.157156	10	0.156191
0ae0caf2e6f743f1882034f9c3556e10	2	0.157156	10	0.156191
0ae511c6285e47ffbbd33bff5044b675	6	0.309288	0	0.300987
0ae7ab2686ca4c32b456085e2329678e	2	0.157156	10	0.156191
0aed72622b9740fd87e34404c9324b87	6	0.309288	0	0.300987
0aee3bed11f244c3852ba416bff1551a	2	0.157156	10	0.156191
0af0395bfd1940169ca9f55eb9d68e4f	2	0.157156	10	0.156191
0af65001abe2425b99551bb651bf8439	6	0.151726	0	0.147413
0af656294f53410aab29fb379828646a	2	0.157156	10	0.156191
0b072a8793e34cad8f4ed56a9792a65d	6	0.309288	0	0.300987
0b0761645f0540a89ce376d298ff8106	6	0.309288	0	0.300987
0b0956fef4ea4b30bc562c276316a6b9	2	0.157156	10	0.156191
0b09ded64d7b4e26a20ae062f77a53ce	2	0.157156	10	0.156191
0b1079ef4f4445798b3aade813b67eab	2	0.157156	10	0.156191
0b135c6869b54fefa8cc2db86ae2806a	2	0.157156	10	0.156191
0b1bc32208a04f199225b0d3e25f8946	2	0.157156	10	0.156191
0b1ce1957d1846b7871ff503723195b8	2	0.157156	10	0.156191
0b1e2bcc6a1f4efabe901f0268614566	2	0.157156	10	0.156191
0b2d01e37a414a32bb996439d59ccc18	2	0.157156	10	0.156191
0b31d38360464796abf3d18fc38f1f3b	2	0.157156	10	0.156191
0b336cacb6234901ab5631f7866ec821	2	0.157156	10	0.156191
0b3a5b680c55463282bea841f6fc6766	2	0.157156	10	0.156191
0b48a7a69f6d49929854218c009be236	2	0.157156	10	0.156191
0b4ce5ad3cc14ce6abfddb30a78d72d2	2	0.157156	10	0.156191
0b511898bb894e3a97c6a930fb30a035	6	0.309288	0	0.300987
0b5696d9d2e14ff9a59f747c9d2157d1	2	0.157156	10	0.156191
0b5824d313a34d4392cdcfd40ce68fd1	2	0.157156	10	0.156191
0b5ab49a713c43e98c9b523dfdd56448	2	0.157156	10	0.156191
0b5c875b30d64e99a0d62e4f00a9caa1	2	0.157156	10	0.156191
0b5cd8cf05994168b6cac7976450a71d	6	0.309288	0	0.300987
0b5d5882352e4744ac8db0fa53570482	2	0.157156	10	0.156191
0b5f3f8d5f914adba8792e02b473abde	2	0.157156	10	0.156191
0b60ddb57a914eea88730044fcd87781	2	0.157156	10	0.156191
0b63543c1b1747f09d5761df12ac0838	2	0.157156	10	0.156191
0b6d6ae55e9c4d9bbbdb2fe5a85d7696	6	0.309288	0	0.300987
0b7f536e911f4fb39e5952af94ae84e5	10	0.358791	7	0.331436
0b85170857be4997a5b637db9a243de2	2	0.157156	10	0.156191
0b949056d465460c80c3dad1fb03ab40	2	0.157156	10	0.156191
0b9838dfa8b8438d8a9d2f09958f4308	2	0.157156	10	0.156191
0b999065db2c4c4c9f9b26aa88093c95	2	0.157156	10	0.156191
0b9d60b0fb284f64826ebfbef5ec81c8	6	0.309288	0	0.300987
0b9ef05825be46499fa9c1e9ccf4e200	2	0.1545	10	0.153596
0ba00ded23c84f11b2ab94c3a0a1ebf9	6	0.309288	0	0.300987
0ba15a73e4084991a1028d594661e2a0	2	0.157156	10	0.156191
0ba7027a8cf447e18834284fa412b13e	2	0.157163	10	0.156192
0ba85fc380aa4cf6b57942db20c3c212	2	0.157156	10	0.156191
0ba8fae613ff44d590f7541af5dfead1	2	0.157156	10	0.156191
0baa51635d1f489ea1711df2b96840ed	2	0.157156	10	0.156191
0babca89bd3a4c8785080617367a2b4c	2	0.157156	10	0.156191
0bad0bb9673b464d84fbf818b1cb4cdd	2	0.157156	10	0.156191
0badc67652a047c5879bbf749abe490c	2	0.157156	10	0.156191
0bae547a43f940b49bc4db4b610b0931	2	0.157156	10	0.156191
0bbc6b7a3ad54bc79e40de0365f2c6e5	6	0.308957	0	0.300663
0bbe7b1229954da5a4309fb07bd3b957	2	0.157156	10	0.156191
0bc62fbe87df434896d00d072b886645	6	0.309288	0	0.300987
0bd6ede2f618463483718d6b639691db	2	0.157156	10	0.156191
0bd9502f42c943f08ed395c9b07af517	2	0.157156	10	0.156191
0bd9734d688b4f12a17b403f48709231	2	0.157156	10	0.156191
0bdbcd4419c44552a822bac49695f783	2	0.157156	10	0.156191
0be7417c15214198a62da3d150fb3285	6	0.309285	0	0.300984
0be871284b5943ed9a456a6234b3751c	2	0.157156	10	0.156191
0bec9ea0de3744278a02d4dafae6e111	2	0.157156	10	0.156191
0bfeaf101b424c95a6be79fab9a694d7	6	0.309288	0	0.300987
0bff69fb8a7943509bd24befd1b946b0	2	0.157156	10	0.156191
0c007ad5f130463d8269ebc9551b49b1	2	0.157156	10	0.156191
0c0598fc071b4a5ab08f6ebb94fc2177	2	0.157156	10	0.156191
0c0bfbfa54d04e03be51f7bac72593b7	2	0.157156	10	0.156191
0c1ac29d123f47f784cc6e5790d36fd3	6	0.309288	0	0.300987
0c1d486509d84ad099b482393072cda3	6	0.309288	0	0.300987
0c235bb54253468999bfedc6c2c0a5e7	2	0.157156	10	0.156191
0c2885b092124c8ba143f964683d76ac	2	0.157156	10	0.156191
0c339dbad5ed44d3b7b08fda37d315e5	2	0.157156	10	0.156191
0c3416fd968a4c7c835b9a5fce6b7eb6	6	0.309288	0	0.300987
0c350e563a544df5abbed3478841c7e0	2	0.157156	10	0.156191
0c3b107894a047408e7f305693407126	2	0.157156	10	0.156191
0c3e8d509c794fc6bfd7001412d6a480	2	0.157156	10	0.156191
0c4bb8e304424e41aafa21e39bae936f	2	0.157156	10	0.156191
0c5c49026a654da38e3c9802cf9f22b8	2	0.157156	10	0.156191
0c60751e96614e509b070c20434f007b	2	0.157156	10	0.156191
0c64446b036043c9ace664354d79ee72	6	0.305587	0	0.297359
0c6a003c0ab54ec0a8b443ef0423ecb8	2	0.157156	10	0.156191
0c6adc8d07e346a5b1b656049ff4b839	2	0.157156	10	0.156191
0c6b2a20b56a49cba90c018bb2e87815	2	0.157156	10	0.156191
0c77f22c3be44a94adfe135c4a550e1a	2	0.157156	10	0.156191
0c7a004f1bf24698a42e67a78d1a3a30	6	0.309288	0	0.300987
0c812476802045199443234a0c8aabf9	3	0.209441	1	0.161087
0c86e7f91b0c462ab03a878200af610a	2	0.157156	10	0.156191
0c8a511980b24829a065530f799fbb94	2	0.157156	10	0.156191
0c93020b2e1141e1a174edda8023ff54	2	0.157156	10	0.156191
0c96f5394761406087f627e160fc3479	2	0.157156	10	0.156191
0c9a0389f3264666a250a8b49db0a128	6	0.309288	0	0.300987
0c9bb2ca09fe4acdafb5f7fb3c04d86a	2	0.157156	10	0.156191
0ca209a553b646ddbb6dfb24779823cf	2	0.157156	10	0.156191
0caf3c727148401384443414dd0cacfd	6	0.309288	0	0.300987
0cb66b922df64a57b2e39b84c6c26a9e	2	0.157156	10	0.156191
0cb89c98061f487f816c10112dcb7651	2	0.157156	10	0.156191
0cc8ec3ababa4e88b39a485d56be2024	6	0.309288	0	0.300987
0cd2ff9a6eb7452ab512d507bd6b85f5	2	0.157156	10	0.156191
0cd50c9a19714c8c8048bc97f887cef8	6	0.309288	0	0.300987
0cdd848d57f84e9aba6757c6eebbdedb	2	0.157156	10	0.156191
0cde5351f43d44b9b36d75aa7109576d	2	0.157156	10	0.156191
0ce29e0cdb414469b18e598330962316	2	0.157156	10	0.156191
0ce51b2306a6458dbf337d713a18dd70	6	0.309288	0	0.300987
0ceb988ae1804d4b88fa4c1706ae4b4c	2	0.157156	10	0.156191
0cf2c7a493f5433396f1cd0a979492f4	10	0.358668	7	0.331402
0cfbbbe965a846239b2a6c255119a876	2	0.157156	10	0.156191
0cfffc1f386d4fc0a530bccdbbc1de51	2	0.157156	10	0.156191
0d059b9a8afb4a5d9f8ead1b622e512d	2	0.157156	10	0.156191
0d10450b9c1449ef84d2cabdca89a34a	2	0.157156	10	0.156191
0d10a67301314346a797971d59ca9fa2	2	0.157156	10	0.156191
0d1f59559f734402afab3e6784ae914c	6	0.309288	0	0.300987
0d25107c18cb4fcf8027d5d97cf9ce27	2	0.157156	10	0.156191
0d2f60b1fef04e44b3e5f888d5068421	6	0.309288	0	0.300987
0d31dec5725745da800dd345873bf04b	2	0.157156	10	0.156191
0d3f2f56984044a2a721ffc42c6cdf9f	2	0.157156	10	0.156191
0d5964fa5fdf428daa6acdf6c7623195	2	0.157156	10	0.156191
0d65127a24d246a3bb54e77656d1db06	2	0.157156	10	0.156191
0d6561e037ca4b76bb562f7064cafa81	10	0.341808	7	0.325734
0d67ea70eee34692a23ec3b3fe511d0c	2	0.157156	10	0.156191
0d6889dfe2364ca8926e18a7438dcce7	2	0.157156	10	0.156191
0d702e78839f4c01a530af7395e9c7a4	2	0.157156	10	0.156191
0d864bf0bf8448468ad9999be6e856d8	2	0.157156	10	0.156191
0d864de65de34cdb85fdee64af6787b4	2	0.157156	10	0.156191
0d88cd0fc8c6458b89978018c1275f1b	2	0.157156	10	0.156191
0d9c69a9a5694932b2826e0cf457dd0f	2	0.157156	10	0.156191
0da2aae0e92145608e604544231acdc0	2	0.157156	10	0.156191
0da2c0267e2d4cc68d0ba9cee732b8d3	2	0.157156	10	0.156191
0da66e3317424cc6a1bfebfdcdd59c90	2	0.157156	10	0.156191
0db4c54ed5cf49a69bf41beb3055e3ba	2	0.157156	10	0.156191
0dba08f49e5f47f1934e462dac0c6bea	2	0.157156	10	0.156191
0dbee1f01b4644169f008cdcf8966f66	2	0.157156	10	0.156191
0dc9b141db0e430fbe424241825c81bc	2	0.157156	10	0.156191
0dcae34b6e314ef69514ca977b42fde2	2	0.157156	10	0.156191
0dcc25df8d2e44218f4149863bb29ae5	6	0.309288	0	0.300987
0dd4af3f2b0a45d68334831b55ae7070	2	0.157156	10	0.156191
0dd8e9d5f3394412935197edec0b7f52	2	0.157156	10	0.156191
0de1a4dc2dae4dc0a6af4e2c835105da	2	0.157156	10	0.156191
0de7d46edac246fd86235d046117041a	2	0.157156	10	0.156191
0deb845d518647cabe97a423bd792e95	2	0.1571	10	0.156137
0df2707a30534398b1bde82c4c7d0451	2	0.157156	10	0.156191
0dfb19a22627409fb95aa2a460a332e1	2	0.157156	10	0.156191
0dfd2a1ee8294c51835968b314680103	2	0.157156	10	0.156191
0e03d5c9b8b14da7a11cd3096fd3e60e	2	0.157156	10	0.156191
0e14ace16e27403485c06771478cb982	7	0.194465	10	0.18442
0e1a60016ff8455fbc292c90cc673075	2	0.157156	10	0.156191
0e1b5a7906e64fa7833b421550c62434	6	0.151726	0	0.147413
0e1c7e74a6ca4302a5fbcd0cf7305ec5	2	0.157156	10	0.156191
0e1d3e63e083401ea293453363ff5fbd	2	0.157156	10	0.156191
0e1d53ecbf1b4624a1b0db7057cbce51	2	0.157156	10	0.156191
0e212398a2ca41ca9fe14a0dc7c1875d	2	0.157156	10	0.156191
0e26bb2de2eb4013beb4c808fa73c58d	2	0.157156	10	0.156191
0e2cd58a74ad46bebcde91d32defcf62	2	0.157156	10	0.156191
0e48e6412bdf4b31a5585f2fb945915f	6	0.309288	0	0.300987
0e4e8f2ea8854fa6a44937519880c568	2	0.157156	10	0.156191
0e63ad1e672b431789b96aff1a257702	3	0.209445	1	0.160699
0e6b8753437148efbee3873f37286ea4	2	0.157156	10	0.156191
0e72b14f58d746a99b35563b397f214e	2	0.157156	10	0.156191
0e7e3f5353494f89b21bf4df325ef4d9	2	0.157164	10	0.156192
0e89353b817c4ea882e4765cce411004	2	0.157156	10	0.156191
0e8f4432c0bf4e8489a705e5cfa17be6	6	0.309288	0	0.300987
0e9cbeddc08d4ab7882374241ae535f6	2	0.157156	10	0.156191
0e9efa87ecec4750b41ae9846b233073	2	0.157156	10	0.156191
0ea550b81a3444e583d1b0e4579cbb9b	2	0.157156	10	0.156191
0eb2c805bd0a43b5bb09829d9887340b	2	0.157156	10	0.156191
0eb5747677aa47be818367c02c3fcb0a	10	0.358791	7	0.331436
0eb904f888b7428ca471e417b611c46c	2	0.157156	10	0.156191
0ebbfa36eb434913a89c94264d6d2ade	2	0.157156	10	0.156191
0ebef7d4068642eb9bca02fee0f51099	2	0.157156	10	0.156191
0ec3f4a946ee40b8b936f1552c4139e0	6	0.309288	0	0.300987
0ecac43abf504f6785544d0fb7e1524e	2	0.157156	10	0.156191
0ed203cf15cd474188582a1b6472aa96	2	0.157156	10	0.156191
0ed4a8079b1e4ad1b949fbe0ea3ab4be	2	0.157155	10	0.156191
0edca607201f403694e508402644c884	2	0.157156	10	0.156191
0ee8a21cc73c4c01bd8f9ef44127ad8c	2	0.157156	10	0.156191
0eec5f6d0508429795f0ec64709df1b3	6	0.309288	0	0.300987
0ef3f473df154e2aaa86e45efb7f0fba	6	0.309288	0	0.300987
0ef5c49bc2624dc38b02467df6eceeb7	2	0.157155	10	0.15619
0efdafd93cd74bd1a601328e5ac2ae56	2	0.157156	10	0.156191
0f04ddd546d84196a8a1fc247126082d	2	0.157156	10	0.156191
0f0b3507d0fe4240a9867a44857ac3ed	2	0.157156	10	0.156191
0f0c89df4d714d6f93f3894c92d457d0	6	0.309288	0	0.300987
0f1237e8ae4f40f4be16f758bf76907d	2	0.157156	10	0.156191
0f13e074bc6e4a4590e1db7e5a58e4bf	6	0.309288	0	0.300987
0f2ffee63c214252960ca0581e19c0c2	2	0.157156	10	0.156191
0f31450b88d74527a503beabaea116cc	2	0.157156	10	0.156191
0f33d5eb89684e578838a6859a21f81f	2	0.157156	10	0.156191
0f36108f047d416f9ad854669d6e3915	6	0.309288	0	0.300987
0f37c087c3364ef3ab8a3e07659c41ba	2	0.157156	10	0.156191
0f3c6bd01e494d28a20eeba52a96ece1	2	0.157156	10	0.156191
0f593c48c35b4e338e74629fc4a9d1ea	2	0.157156	10	0.156191
0f5f175926fb49cbb60d5d2869f66f83	10	0.358791	7	0.331436
0f6b08da144243e2ac37a0ca26ea6a88	6	0.309288	0	0.300987
0f6cc9ecfc5e4d4c941fdb2247c968a4	2	0.157156	10	0.156191
0f6d1806f7d04f76b650486be79cf04a	6	0.309288	0	0.300987
0f7b5d1d152f462fad4824a6e023945d	2	0.157156	10	0.156191
0f7ce9c017e14d3897389f2f36059d55	2	0.157156	10	0.156191
0f899c2230c64d6eaeafe8a3ad9cc5b0	10	0.358791	7	0.331436
0f8c03ecb4b845478aaf1da6e5359132	2	0.157156	10	0.156191
0f8cee47e931420bafab5753d5f5498b	2	0.157156	10	0.156191
0f900982a3614d25a0a2bb6c241663f2	2	0.157156	10	0.156191
0f9824ac38c64becbe50b517bdfbf30f	2	0.157156	10	0.156191
0f997e0d9b5e4687829a3ae41da7dd30	2	0.157156	10	0.156191
0f9fe6ce25d24d63bf5b702562bcae00	2	0.157156	10	0.156191
0fa00b5f565a47ee926f0f5329478189	2	0.157156	10	0.156191
0fa51ea389fd4ae9bbc658d34b89dc45	6	0.309288	0	0.300987
0fa6d51879204652a6246acf2e7af88a	2	0.157156	10	0.156191
0fab5ef42dd8475ebd6d44748e545015	2	0.157156	10	0.156191
0fabb74739e84f05916ae3f46914540c	2	0.157156	10	0.156191
0fac514d92f647b5a54adf729bb45921	2	0.157156	10	0.156191
0fad00e4dfc8474eb3bcb2ba552e9898	2	0.157156	10	0.156191
0fadb2b2ce7749b280a633d887d4a522	2	0.157156	10	0.156191
0fba4024fa744c4ab815b08980999ad8	2	0.157156	10	0.156191
0fbbfa96aea5420fabfb04477b3ad680	2	0.157156	10	0.156191
0fbe6bb547304ffc81c3cda397bfe85d	2	0.157156	10	0.156191
0fc04046ed4540f6a4cea08f4be9abdc	2	0.157156	10	0.156191
0fc5d6dba952413ea4ab1d0c859f43f4	2	0.157156	10	0.156191
0fcbb210ef874bcfa9e7ea3efd58059b	2	0.157156	10	0.156191
0fceac0326744c4a8515ed64f185266e	2	0.157156	10	0.156191
0fcf914dd5eb48ff9e689254afa9ecf7	2	0.157156	10	0.156191
0fd4ffe534bc4d9ba563ab0a9016d4a1	2	0.157156	10	0.156191
0fd9774934064b5b95d6a00b070a8005	6	0.309278	0	0.300977
0fda0aadf0484ea1a9c3ee358da4d1a8	6	0.309288	0	0.300987
0ff5d483e4644fa8b6507349ec2d4746	2	0.157156	10	0.156191
0ff9a53b56f44fe6bd89d12136143654	2	0.157156	10	0.156191
1001dc8e5991414c8caed4f610d56c53	2	0.157156	10	0.156191
100d27e36ea240a494be97a659ad96a1	2	0.157156	10	0.156191
10109321322f4e6f873edc025baa8aa6	2	0.157156	10	0.156191
10140ab4211f496095fceb63a0b47a45	2	0.157156	10	0.156191
10158c2aa39d47e9a155acf0976736a6	2	0.157156	10	0.156191
1016194d5bda454db11efb0f866b2247	6	0.309288	0	0.300987
1020a3264aec49ec93401f5779024856	2	0.157156	10	0.156191
102142804a2c4e2695412d4ff0cc6e6b	2	0.157156	10	0.156191
1025d1132ae1445c86ac34194c3438c9	2	0.157156	10	0.156191
102cd9b654c7496ea16ebec1fc358566	2	0.157156	10	0.156191
102e47d65d094979b71e9201dc2ba97e	2	0.157156	10	0.156191
102ffbf43fd446c5ac525edaef9ae904	6	0.309288	0	0.300987
1030708891fa4307b5de355dc9d76e87	2	0.157156	10	0.156191
10341e1999434279becbb8ffb7b2109e	2	0.157156	10	0.156191
1035ec8377924bc7b7f3881716e996c0	2	0.157156	10	0.156191
1038c0e007164274bce44f41ad8acd30	2	0.157156	10	0.156191
10453a56441e404e8fd0e3191bd1391c	2	0.157156	10	0.156191
10461a1cba0c437faf2e9f6f2475c7bf	2	0.157156	10	0.156191
10489e30e64e45348e707e7726475354	2	0.157156	10	0.156191
1048c99144ba46fbbeefe801b26d3cf6	2	0.157156	10	0.156191
10499e612afc4aa4b3951676c668942a	2	0.157156	10	0.156191
104fda14fbe3491695ac1436b133abb0	2	0.157156	10	0.156191
10567782305448a8862cac42750cc4a9	2	0.157156	10	0.156191
10577cdfaff340d79e53ce47b3f24ee0	2	0.157156	10	0.156191
105b6412db964a29aab3e449c19c4595	6	0.309288	0	0.300987
105c13dd6b9d4cda84b2bda4b9e79dbb	2	0.157156	10	0.156191
1069d98f35a848749d2bf872ec84b397	2	0.157156	10	0.156191
106ac6377db344a1871e9acbd25091ed	2	0.157156	10	0.156191
106d3a47ea90404c9423fb9388853b31	2	0.157156	10	0.156191
106e6441b5cd4adb9fc40e414030349b	2	0.157156	10	0.156191
106fbff0d41643e28a1591797aa44f76	2	0.157156	10	0.156191
1072d391a4ec4e97858715ef6d06314c	2	0.157156	10	0.156191
1082bc859e264d42bdd22fd26793c951	2	0.160647	10	0.158354
108337d223614f75b7acd4662df35f6a	2	0.157156	10	0.156191
1086226dc3e346e7b1b38438a8608e19	6	0.309288	0	0.300987
108dfd8405b949f08bc3678b5eaf36de	6	0.309288	0	0.300987
1092d6066a1b42e08f3853d2c7331d97	2	0.157156	10	0.156191
10967b6ba1244342949f9d245afc06e0	2	0.157156	10	0.156191
10997d7a814d4b829092403d85659974	2	0.157156	10	0.156191
109a726d1c2a4cd4b32dad50f34ab543	2	0.157156	10	0.156191
109fe351d62c4e86bc30ca537cc8d9c4	2	0.157156	10	0.156191
109fe7e1648b44789d3bc4d7072bdbf2	2	0.157156	10	0.156191
10a499ee568b41559562f610cb6e238d	2	0.157156	10	0.156191
10a512ebe480403ea1314f1cd65bbce1	2	0.157156	10	0.156191
10a545f8e23042d5ac42a91b2df3007f	2	0.157156	10	0.156191
10ac20fb9ad24aa3970fcfbd5a7b6ad8	6	0.309288	0	0.300987
10bad98771da4add8b16f4054d79fc00	2	0.157155	10	0.15619
10c3722be4984a7aadd267304aebc800	2	0.157156	10	0.156191
10c51cf84a5540dbb6d9f9aa84031217	2	0.157156	10	0.156191
10c533726f7648fe93fe3eab29b7bf07	2	0.157156	10	0.156191
10c84d7ba2784d55b0a45034912e4079	6	0.309288	0	0.300987
10cf736dbac344d99a50d83af46480c3	2	0.157156	10	0.156191
10d1ef16321547d9a3a11448c14db2d3	10	0.353933	7	0.329998
10d26f369d864054ad2713a5a11aea9f	2	0.157156	10	0.156191
10d894b468c94364a5599c0d767c5d1e	2	0.157156	10	0.156191
10dc568c99fc4b8481784a4eb7aa6f79	2	0.157156	10	0.156191
10dd2c3d45ea45018e982bcf51de946c	2	0.157156	10	0.156191
10de0436c4d3450a99996f66e848097d	6	0.309288	0	0.300987
10e290f3ceef47619ef7259a8f9ef534	2	0.157156	10	0.156191
10e3fa2a15b341fe80106329c62d8763	2	0.157156	10	0.156191
10e444cea7d64ccaaad11a769306825b	2	0.157156	10	0.156191
10e5f0f559ec466ea68f62e49f34ca6e	2	0.157156	10	0.156191
10e65558e90d436da515d9217093f9d3	2	0.157156	10	0.156191
10e69de6cb4647b48c9695628ecb23a7	6	0.309288	0	0.300987
10e81fb570234c1a85ae6ee9135e341a	2	0.157156	10	0.156191
10f38cdc51c54ebe8f57e938e2947709	2	0.157156	10	0.156191
10f3e9b24a87457b97a2b367674d99bc	6	0.309288	0	0.300987
10f3efab6e884bbfb432c9881ff0a1f0	2	0.157156	10	0.156191
10f4155c830b403faab4fdd09a1e7f1a	2	0.157155	10	0.15619
10f7d1299c534d9681a50a57e65d2daf	2	0.157156	10	0.156191
10faba69bfc54b2cb0b17379813157ac	2	0.157156	10	0.156191
10fe93ab13cb419e8f0009c8fa0e6d30	2	0.157156	10	0.156191
11071b9bf7ea484494da9b818374466c	2	0.157156	10	0.156191
1107ee19aa844adab238dafd877f0c46	2	0.157156	10	0.156191
110a2814ddc0452188f6fd64fb6be449	6	0.309288	0	0.300987
110b94b70c4842afbc90c3a59fbdb938	2	0.157156	10	0.156191
110d5cc9fe5247dabe621a869d068d30	2	0.157156	10	0.156191
110f2f680e4c4e5d8caf3a61c82cad57	6	0.309288	0	0.300987
111747b4515e4d57ae3cf045f2fee274	2	0.157156	10	0.156191
11185ec19e144132a31f82af7e8d0a15	2	0.157156	10	0.156191
1122111d47384d27ae682fae323e4172	2	0.157156	10	0.156191
1127b823b2844ca1b93ede8175cd807c	2	0.157156	10	0.156191
112ac1b8e8b14e36a4a7d6c38fe6b4b9	2	0.157156	10	0.156191
112d8019932d4de497c1d075aa05d43a	2	0.156891	10	0.155932
112e74f650824bf691ccc5438e6c873b	10	0.358354	7	0.331313
113194401b6c4a279af9a404a393083b	6	0.309288	0	0.300987
1136e6366ca84ce5b3abba0f84198313	6	0.309288	0	0.300987
1137b94b88a34a108e279f9e2716da4d	2	0.157156	10	0.156191
113b78d7661644fbb78876df4393d52a	2	0.157156	10	0.156191
1140ca4370394fdf8669fb1c9bc16bfd	2	0.157156	10	0.156191
1146436411ac46ed96b187a4bcec6c61	6	0.309288	0	0.300987
1146a6b001c44111a9c6a2cd4baf3eb9	2	0.157156	10	0.156191
114b2909c321419895bacc71f475b2dc	2	0.157156	10	0.156191
11500820b3734d1798ee91a77ca5e49d	2	0.157156	10	0.156191
115c0470c6454e5eb248d12bc2221047	2	0.157156	10	0.156191
115dcb52941f4f73a9e6ba43b65faa38	2	0.157156	10	0.156191
11615802db1f436c909b2cc6aa6ba1b7	2	0.157156	10	0.156191
116592405fcf4cd9933d08c70aec3322	3	0.166622	2	0.162899
116890aa07314af8b42a0f70a02358d3	2	0.157156	10	0.156191
116b90176c754041aec4c8a96a3ccabd	2	0.157156	10	0.156191
1178b5b020194c99b292fbcbe6d17abc	2	0.157156	10	0.156191
11810759dd804d7aa975034d26ea52b2	6	0.309288	0	0.300987
1181d12a0901491d9fcd9a9de71d5d30	2	0.157156	10	0.156191
1182baafeb1e4d068f490fe6db59341b	2	0.157156	10	0.156191
11846d0a5b954a5385ce3beaccb0bc35	2	0.157156	10	0.156191
1184f4e1555144989fdff7c7e6a20207	2	0.157156	10	0.156191
118f6a70d0654ddcb225f9be823691d0	2	0.157156	10	0.156191
1193520f72df43cc880749e2656dd1d2	2	0.157156	10	0.156191
11977ccb8c434d5aa9752766d7c74a63	2	0.157156	10	0.156191
1199ea55169d4425b452a53dfe1d953d	2	0.157156	10	0.156191
11ba070150174659864c41c54cc19862	2	0.157156	10	0.156191
11ba2a143d8441f3a6012cbaf827c9d9	2	0.157156	10	0.156191
11bf57ffd6584bc7b4bae0d3ba6bb669	2	0.157156	10	0.156191
11c315e5533644bcbeea67ca6260ef56	2	0.157156	10	0.156191
11c8be7d347144de9feba47f4569bdba	2	0.157156	10	0.156191
11cb2e0cc9d0440382a4576afc9ad37c	2	0.157156	10	0.156191
11cf17e5d3a7470e8eb5295068d067b5	2	0.157156	10	0.156191
11d6fdf828db4684bf3c58158332f62a	2	0.157156	10	0.156191
11d93fc48bf94af0bedbae90b6b2ecba	2	0.157156	10	0.156191
11e1fac6610b48439400d2c30a5b703c	2	0.157156	10	0.156191
11e5df0a5664495c81311d4d84b6c4fb	2	0.157156	10	0.156191
11e6c8960fad437ab8ce92f0b863a0bd	6	0.309288	0	0.300987
11e7574757234587b0935257fb021d89	6	0.269025	0	0.261647
11ec7ea5b0a24e14b7c6422db5b0c354	2	0.157156	10	0.156191
11f1bed3af434741ba4041a955e41647	6	0.309288	0	0.300987
11fb4bb990b74e7796c2844a20f102d2	2	0.157156	10	0.156191
11ff50d2dd804716993223d3159f4c98	6	0.309288	0	0.300987
1202c3f07c4a4934a8411227965da529	2	0.157156	10	0.156191
1206f89c0766421c93b90138afb92743	2	0.157156	10	0.156191
120731030bf540dca3615ff07920600d	2	0.157156	10	0.156191
120a4598d537461cb42dfefb30135d2d	2	0.157156	10	0.156191
120abe2dd3ab46fbb1a241d0031e7ee6	2	0.157156	10	0.156191
1212ec0ec1d74134a39eeee1a5dec93b	2	0.157156	10	0.156191
12174839a1d04808ac39dd2f0638b533	6	0.309288	0	0.300987
12178a5cc63240fd8321aa37af77ff3d	2	0.157156	10	0.156191
122250b9ffd34d4abe8047d3e23e428e	6	0.309288	0	0.300987
1224f07388c64a3786a2b178a591e975	2	0.157156	10	0.156191
1229f3bddfc14f2980e870b757cbdbe3	2	0.157156	10	0.156191
122ab9dca3f54be69e4f6326455ae53b	2	0.157156	10	0.156191
122fad1a917743268fe6f8bd81eea43c	2	0.157156	10	0.156191
123277ff4c724a8197124f74b617447d	2	0.157156	10	0.156191
1242ea45a4f547c8b1ff9744653d2b92	2	0.157156	10	0.156191
1244e1fc24ba4a9598105fc48b1d16e0	2	0.157156	10	0.156191
1245864bc4f741e799bdcfd5c21fed8e	2	0.157156	10	0.156191
1247f9776622402fbbb9a1f8f40905de	2	0.157156	10	0.156191
124c9872de4543ff91485103e81bb501	2	0.157156	10	0.156191
125358ac382c4e92b82618c27dccd3f5	2	0.157156	10	0.156191
126371c42bba46f88b56501e29137d5b	2	0.157155	10	0.15619
1263c1319d684a798e762f4d54fa8c8f	10	0.358791	7	0.331436
12668471ff604b4eb3674193b065c63f	2	0.157156	10	0.156191
126ccf65727440a987b25ade3604455c	6	0.309288	0	0.300987
127654470a9f432bbbf7da6136467daa	2	0.157156	10	0.156191
127b03a92bf94913b359d5f5959cf31c	2	0.157156	10	0.156191
127b4566c90b45c2a69817c9469eec4d	2	0.157156	10	0.156191
1280f2c1f56e4e90b27f5213e8e9259c	2	0.157156	10	0.156191
12872c7ee1e54179a3a0d0d284ffbf12	2	0.157156	10	0.156191
1289e61472c545408aec4bb6445f5646	2	0.157156	10	0.156191
129491d26a30403bb6aebf58533c984f	6	0.309288	0	0.300987
1297ed07afda43bf9b08d4016f2e15db	10	0.358791	7	0.331436
1299dfa7abc94f7c87c51c7132828885	2	0.157156	10	0.156191
129b328ef0b8486d885fd8e234d454b4	2	0.157156	10	0.156191
129be7805b6a49889b50b5a1d0e0ef68	6	0.309286	0	0.300985
129cd6e9dcd04252a8def898002f859a	6	0.309288	0	0.300987
129f8b924e41453c95f00355dbc3e7ff	2	0.157156	10	0.156191
12a13c1b18cf45fc8d09ee6dd361c66f	2	0.157156	10	0.156191
12a34a1c973c4a25944d37a0fb137421	2	0.157156	10	0.156191
12a81ceabc174339ba2e258464d6972e	6	0.309288	0	0.300987
12aa391f4c2c403f91615a76d1f67ad7	2	0.157156	10	0.156191
12aca4d93f474bbcb0fbcefdbd9ded66	2	0.157156	10	0.156191
12c004c7b7ff41018c327306ab0c2ef6	2	0.157156	10	0.156191
12c257ebb6d34af280d4e19044055837	2	0.157156	10	0.156191
12c71dcce17e4b40a2c02989cd81f5d6	2	0.157156	10	0.156191
12da2a5281da4f739265049d628eda01	2	0.157156	10	0.156191
12e86b90e0fe435e900390b11004ac4b	2	0.157156	10	0.156191
12e9b10c900b4a8ca060c013ac0dd4f8	2	0.157156	10	0.156191
12f270bff87c4e379d0241ef0492d1a2	2	0.157156	10	0.156191
12f541ada60d4c208cb139664a66b6b2	2	0.157156	10	0.156191
13042e91ccd143d78d2909ac226fbc14	2	0.157156	10	0.156191
1305ac0a516d47ef84253e174b91145f	2	0.157156	10	0.156191
1308d0b8040147c09a8719ecde8657dc	2	0.157156	10	0.156191
130aa29eb1f5431994c8289bcf45be65	2	0.157156	10	0.156191
130cb6f76450428fb98ff63641011c3b	2	0.157156	10	0.156191
1313bf49534d4766a6281c5abd3f00d1	6	0.309288	0	0.300987
1313ffb5277745d58c1187a7cfca866e	10	0.358791	7	0.331436
1314e654351f46b386187dc7e956b7f4	2	0.157156	10	0.156191
1315ae79b9d24c5a90acd28588a3226d	2	0.157156	10	0.156191
1316b37dcac8409ebd8cc227844b661a	6	0.309288	0	0.300987
13175af36c4f499b8719a279384ffb35	2	0.157156	10	0.156191
13235b4a3ae440e3b2dc3087b543595e	2	0.157156	10	0.156191
1325d4d6725a40188386149ecf59a4ab	2	0.157156	10	0.156191
1328a0db8fbf4ba28c926f487a7e19fc	2	0.157156	10	0.156191
132bfbfb9b2b40c99632e5acd76f7605	2	0.157156	10	0.156191
133e4c62d3b1489e86a12799d0b71be6	2	0.157156	10	0.156191
13475b57895849e7a06a8e8c499561a7	6	0.309288	0	0.300987
134b821445b74b119fcc306ee5552126	2	0.157156	10	0.156191
134d4af211b0482081cf7a6eb15b6c0d	6	0.309288	0	0.300987
134e4e9d9e204e62925c245bf210d4f1	2	0.157156	10	0.156191
134f67999c084026b87df18826022bf1	2	0.157156	10	0.156191
135059f4bbf744aea0344ac72ff0f772	2	0.157156	10	0.156191
1360dcfd9c814e78b460866d7e34e44d	2	0.157156	10	0.156191
136128c08b864d7aa3908ee4e3ab1e04	2	0.157156	10	0.156191
1361db37fdb646379a6c1fb71ba72b21	2	0.157156	10	0.156191
1363c97db4d34919b04cfad419d4b82c	6	0.309288	0	0.300987
1365b6aa547b4b688023eff55cc43d1d	2	0.157156	10	0.156191
13682fc4392749ef9d42ddce83b549f2	2	0.157156	10	0.156191
13774030d43d470da35a19b230230383	2	0.157156	10	0.156191
137ebacde9024b2db592508a9ae3a5d5	2	0.157156	10	0.156191
137edf8d41e34758be0c191c7ea822d6	2	0.157156	10	0.156191
137f2a70f8f24c7e9e9ea2bd60e63076	2	0.157156	10	0.156191
